softID	hardID	geom_i	geom_j	G-APD	V_op	HV_B	HV_C	pos_X	pos_Y	radius
0	1036	0	0	957	70.59	4	7	0	0.5	0.25
1	1033	0	1	997	70622	4	6	0	-0.5	0.25
2	1034	-1	0	1087	70.59	4	7	-0.87	0	0.75
3	1037	-1	-1	844	70.59	4	7	-0.87	1	1.75
4	3020	0	-1	769	70592	9	4	0	1.5	2.25
5	1038	1	-1	923	70.59	4	7	0.87	1	1.75
6	1035	1	0	977	70.59	4	7	0.87	0	0.75
7	1032	1	1	1107	70622	4	6	0.87	-1	1.75
8	1030	0	2	915	70622	4	6	0	-1.5	2.25
9	1031	-1	1	777	70622	4	6	-0.87	-1	1.75
10	1028	-2	1	906	70707	4	5	-1.73	-0.5	3.25
11	2732	-2	0	1090	70677	6	30	-1.73	0.5	3.25
12	2735	-2	-1	1200	70688	6	31	-1.73	1.5	5.25
13	3021	-1	-2	1338	70592	9	4	-0.87	2	4.75
14	3023	0	-2	794	70592	9	4	0	2.5	6.25
15	3022	1	-2	985	70592	9	4	0.87	2	4.75
16	3034	2	-1	898	70.62	9	7	1.73	1.5	5.25
17	3031	2	0	900	70.62	9	6	1.73	0.5	3.25
18	737	2	1	465	70794	1	31	1.73	-0.5	3.25
19	734	2	2	513	70794	1	31	1.73	-1.5	5.25
20	1018	1	2	1193	70764	4	3	0.87	-2	4.75
21	1016	0	3	466	70764	4	3	0	-2.5	6.25
22	1017	-1	2	1177	70764	4	3	-0.87	-2	4.75
23	1025	-2	2	530	70707	4	5	-1.73	-1.5	5.25
24	1026	-3	1	1085	70707	4	5	-2.6	-1	7.75
25	2730	-3	0	802	70677	6	30	-2.6	0	6.75
26	2733	-3	-1	916	70677	6	30	-2.6	1	7.75
27	2736	-3	-2	954	70688	6	31	-2.6	2	10.75
28	2738	-2	-2	932	70688	6	31	-1.73	2.5	9.25
29	3024	-1	-3	1088	70574	9	5	-0.87	3	9.75
30	3026	0	-3	907	70574	9	5	0	3.5	12.25
31	3025	1	-3	778	70574	9	5	0.87	3	9.75
32	3037	2	-2	1089	70.62	9	7	1.73	2.5	9.25
33	3036	3	-2	561	70.62	9	7	2.6	2	10.75
34	3033	3	-1	940	70.62	9	6	2.6	1	7.75
35	3030	3	0	929	70.62	9	6	2.6	0	6.75
36	736	3	1	563	70794	1	31	2.6	-1	7.75
37	733	3	2	1197	70721	1	30	2.6	-2	10.75
38	731	2	3	899	70721	1	30	1.73	-2.5	9.25
39	1015	1	3	1195	70764	4	3	0.87	-3	9.75
40	1013	0	4	159	70735	4	2	0	-3.5	12.25
41	1014	-1	3	157	70764	4	3	-0.87	-3	9.75
42	1022	-2	3	896	70763	4	4	-1.73	-2.5	9.25
43	1023	-3	2	911	70763	4	4	-2.6	-2	10.75
44	1024	-4	2	522	70707	4	5	-3.46	-1.5	14.25
45	1027	-4	1	556	70707	4	5	-3.46	-0.5	12.25
46	2731	-4	0	856	70677	6	30	-3.46	0.5	12.25
47	2734	-4	-1	927	70688	6	31	-3.46	1.5	14.25
48	2737	-4	-2	946	70688	6	31	-3.46	2.5	18.25
49	2720	-3	-3	453	70879	6	28	-2.6	3	15.75
50	2722	-2	-3	883	70879	6	28	-1.73	3.5	15.25
51	3027	-1	-4	937	70574	9	5	-0.87	4	16.75
52	3010	0	-4	1184	70819	9	2	0	4.5	20.25
53	3028	1	-4	886	70574	9	5	0.87	4	16.75
54	3111	2	-3	799	70754	9	10	1.73	3.5	15.25
55	3110	3	-3	419	70754	9	10	2.6	3	15.75
56	3038	4	-2	528	70.62	9	7	3.46	2.5	18.25
57	3035	4	-1	878	70.62	9	7	3.46	1.5	14.25
58	3032	4	0	986	70.62	9	6	3.46	0.5	12.25
59	738	4	1	514	70794	1	31	3.46	-0.5	12.25
60	735	4	2	1198	70794	1	31	3.46	-1.5	14.25
61	732	4	3	842	70721	1	30	3.46	-2.5	18.25
62	730	3	3	922	70721	1	30	2.6	-3	15.75
63	727	2	4	1051	70872	1	29	1.73	-3.5	15.25
64	1012	1	4	314	70735	4	2	0.87	-4	16.75
65	1010	0	5	904	70735	4	2	0	-4.5	20.25
66	1011	-1	4	458	70735	4	2	-0.87	-4	16.75
67	1118	-2	4	1382	70873	4	11	-1.73	-3.5	15.25
68	1020	-3	3	307	70763	4	4	-2.6	-3	15.75
69	1021	-4	3	919	70763	4	4	-3.46	-2.5	18.25
70	1128	-5	2	797	70964	4	13	-4.33	-2	22.75
71	1132	-5	1	206	70864	4	14	-4.33	-1	19.75
72	1135	-5	0	1335	70.87	4	15	-4.33	0	18.75
73	1138	-5	-1	1394	70.87	4	15	-4.33	1	19.75
74	2712	-5	-2	310	70894	6	26	-4.33	2	22.75
75	2715	-5	-3	170	70904	6	27	-4.33	3	27.75
76	2721	-4	-3	494	70879	6	28	-3.46	3.5	24.25
77	2723	-3	-4	1082	70879	6	28	-2.6	4	22.75
78	2725	-2	-4	1093	70794	6	29	-1.73	4.5	23.25
79	3011	-1	-5	156	70819	9	2	-0.87	5	25.75
80	3013	0	-5	1153	70819	9	2	0	5.5	30.25
81	3012	1	-5	435	70819	9	2	0.87	5	25.75
82	3114	2	-4	1158	70796	9	11	1.73	4.5	23.25
83	3113	3	-4	941	70754	9	10	2.6	4	22.75
84	3112	4	-3	901	70754	9	10	3.46	3.5	24.25
85	3124	5	-3	443	70926	9	13	4.33	3	27.75
86	3121	5	-2	942	70916	9	12	4.33	2	22.75
87	3137	5	-1	1100	70808	9	15	4.33	1	19.75
88	3134	5	0	925	70808	9	15	4.33	0	18.75
89	3131	5	1	445	70852	9	14	4.33	-1	19.75
90	707	5	2	331	70951	1	27	4.33	-2	22.75
91	704	5	3	1168	70951	1	27	4.33	-3	27.75
92	728	4	4	1157	70872	1	29	3.46	-3.5	24.25
93	726	3	4	909	70872	1	29	2.6	-4	22.75
94	724	2	5	791	70872	1	29	1.73	-4.5	23.25
95	1008	1	5	2283	70895	4	1	0.87	-5	25.75
96	1006	0	6	173	70895	4	1	0	-5.5	30.25
97	1007	-1	5	2301	70895	4	1	-0.87	-5	25.75
98	1115	-2	5	1189	70873	4	11	-1.73	-4.5	23.25
99	1116	-3	4	1343	70873	4	11	-2.6	-4	22.75
100	1117	-4	4	1345	70873	4	11	-3.46	-3.5	24.25
101	1125	-5	3	1143	70964	4	13	-4.33	-3	27.75
102	1126	-6	3	2285	70964	4	13	-5.2	-2.5	33.25
103	1130	-6	2	1104	70864	4	14	-5.2	-1.5	29.25
104	1133	-6	1	1091	70864	4	14	-5.2	-0.5	27.25
105	1136	-6	0	1392	70.87	4	15	-5.2	0.5	27.25
106	2710	-6	-1	491	70894	6	26	-5.2	1.5	29.25
107	2713	-6	-2	918	70894	6	26	-5.2	2.5	33.25
108	2716	-6	-3	356	70904	6	27	-5.2	3.5	39.25
109	2718	-5	-4	1388	70904	6	27	-4.33	4	34.75
110	2724	-4	-4	1110	70794	6	29	-3.46	4.5	32.25
111	2726	-3	-5	467	70794	6	29	-2.6	5	31.75
112	2728	-2	-5	1325	70794	6	29	-1.73	5.5	33.25
113	3014	-1	-6	1181	70818	9	3	-0.87	6	36.75
114	3016	0	-6	1154	70818	9	3	0	6.5	42.25
115	3015	1	-6	890	70818	9	3	0.87	6	36.75
116	3117	2	-5	496	70796	9	11	1.73	5.5	33.25
117	3116	3	-5	1188	70796	9	11	2.6	5	31.75
118	3115	4	-4	1174	70796	9	11	3.46	4.5	32.25
119	3127	5	-4	1167	70926	9	13	4.33	4	34.75
120	3126	6	-3	775	70926	9	13	5.2	3.5	39.25
121	3123	6	-2	2291	70916	9	12	5.2	2.5	33.25
122	3120	6	-1	2294	70916	9	12	5.2	1.5	29.25
123	3136	6	0	1092	70808	9	15	5.2	0.5	27.25
124	3133	6	1	807	70852	9	14	5.2	-0.5	27.25
125	3130	6	2	315	70852	9	14	5.2	-1.5	29.25
126	706	6	3	2300	70951	1	27	5.2	-2.5	33.25
127	703	6	4	421	70948	1	26	5.2	-3.5	39.25
128	701	5	4	2296	70948	1	26	4.33	-4	34.75
129	725	4	5	902	70872	1	29	3.46	-4.5	32.25
130	723	3	5	483	70928	1	28	2.6	-5	31.75
131	721	2	6	210	70928	1	28	1.73	-5.5	33.25
132	1005	1	6	1037	70895	4	1	0.87	-6	36.75
133	1003	0	7	806	70907	4	0	0	-6.5	42.25
134	1004	-1	6	1170	70895	4	1	-0.87	-6	36.75
135	1112	-2	6	1286	70861	4	10	-1.73	-5.5	33.25
136	1113	-3	5	1332	70861	4	10	-2.6	-5	31.75
137	1114	-4	5	933	70873	4	11	-3.46	-4.5	32.25
138	1122	-5	4	2287	70907	4	12	-4.33	-4	34.75
139	1123	-6	4	306	70907	4	12	-5.2	-3.5	39.25
140	1124	-7	3	892	70964	4	13	-6.06	-3	45.75
141	1127	-7	2	334	70964	4	13	-6.06	-2	40.75
142	1131	-7	1	1333	70864	4	14	-6.06	-1	37.75
143	1134	-7	0	1185	70.87	4	15	-6.06	0	36.75
144	1137	-7	-1	1180	70.87	4	15	-6.06	1	37.75
145	2711	-7	-2	773	70894	6	26	-6.06	2	40.75
146	2714	-7	-3	166	70904	6	27	-6.06	3	45.75
147	2717	-7	-4	429	70904	6	27	-6.06	4	52.75
148	2700	-6	-4	798	70993	6	24	-5.2	4.5	47.25
149	2702	-5	-5	808	70993	6	24	-4.33	5	43.75
150	2727	-4	-5	1346	70794	6	29	-3.46	5.5	42.25
151	2830	-3	-6	2281	70926	7	6	-2.6	6	42.75
152	2832	-2	-6	339	70926	7	6	-1.73	6.5	45.25
153	3017	-1	-7	1159	70818	9	3	-0.87	7	49.75
154	3000	0	-7	887	71054	9	0	0	7.5	56.25
155	3018	1	-7	1192	70818	9	3	0.87	7	49.75
156	3101	2	-6	789	70876	9	8	1.73	6.5	45.25
157	3100	3	-6	1163	70876	9	8	2.6	6	42.75
158	3118	4	-5	1086	70796	9	11	3.46	5.5	42.25
159	3411	5	-5	1970	70921	8	2	4.33	5	43.75
160	3410	6	-4	1958	70921	8	2	5.2	4.5	47.25
161	3128	7	-4	179	70926	9	13	6.06	4	52.75
162	3125	7	-3	497	70926	9	13	6.06	3	45.75
163	3122	7	-2	2297	70916	9	12	6.06	2	40.75
164	3138	7	-1	1103	70808	9	15	6.06	1	37.75
165	3135	7	0	1081	70808	9	15	6.06	0	36.75
166	3132	7	1	473	70852	9	14	6.06	-1	37.75
167	708	7	2	781	70951	1	27	6.06	-2	40.75
168	705	7	3	2298	70951	1	27	6.06	-3	45.75
169	702	7	4	874	70948	1	26	6.06	-4	52.75
170	700	6	5	2295	70948	1	26	5.2	-4.5	47.25
171	717	5	5	782	71102	1	25	4.33	-5	43.75
172	722	4	6	456	70928	1	28	3.46	-5.5	42.25
173	720	3	6	1106	70928	1	28	2.6	-6	42.75
174	837	2	7	389	71042	2	7	1.73	-6.5	45.25
175	1002	1	7	1162	70907	4	0	0.87	-7	49.75
176	1000	0	8	934	70907	4	0	0	-7.5	56.25
177	1001	-1	7	2286	70907	4	0	-0.87	-7	49.75
178	1108	-2	7	871	71076	4	9	-1.73	-6.5	45.25
179	1110	-3	6	1190	70861	4	10	-2.6	-6	42.75
180	1111	-4	6	1186	70861	4	10	-3.46	-5.5	42.25
181	1418	-5	5	1342	71045	3	3	-4.33	-5	43.75
182	1120	-6	5	2299	70907	4	12	-5.2	-4.5	47.25
183	1121	-7	4	2284	70907	4	12	-6.06	-4	52.75
184	1408	-8	4	1212	71085	3	1	-6.93	-3.5	60.25
185	1432	-8	3	776	71003	3	6	-6.93	-2.5	54.25
186	1435	-8	2	881	71057	3	7	-6.93	-1.5	50.25
187	1438	-8	1	353	71057	3	7	-6.93	-0.5	48.25
188	2522	-8	0	200	70956	6	12	-6.93	0.5	48.25
189	2525	-8	-1	176	71083	6	13	-6.93	1.5	50.25
190	2528	-8	-2	1640	71083	6	13	-6.93	2.5	54.25
191	2512	-8	-3	1611	71023	6	10	-6.93	3.5	60.25
192	2515	-8	-4	616	71072	6	11	-6.93	4.5	68.25
193	2701	-7	-5	1171	70993	6	24	-6.06	5	61.75
194	2703	-6	-5	1169	70993	6	24	-5.2	5.5	57.25
195	2705	-5	-6	2282	70985	6	25	-4.33	6	54.75
196	2831	-4	-6	199	70926	7	6	-3.46	6.5	54.25
197	2833	-3	-7	345	70926	7	6	-2.6	7	55.75
198	2835	-2	-7	884	70962	7	7	-1.73	7.5	59.25
199	3001	-1	-8	416	71054	9	0	-0.87	8	64.75
200	3003	0	-8	1031	71054	9	0	0	8.5	72.25
201	3002	1	-8	768	71054	9	0	0.87	8	64.75
202	3104	2	-7	434	70857	9	9	1.73	7.5	59.25
203	3103	3	-7	1954	70876	9	8	2.6	7	55.75
204	3102	4	-6	1973	70876	9	8	3.46	6.5	54.25
205	3414	5	-6	1638	70936	8	3	4.33	6	54.75
206	3413	6	-5	1628	70921	8	2	5.2	5.5	57.25
207	3412	7	-5	2302	70921	8	2	6.06	5	61.75
208	3404	8	-4	827	71037	8	1	6.93	4.5	68.25
209	3401	8	-3	449	71018	8	0	6.93	3.5	60.25
210	3437	8	-2	804	70957	8	7	6.93	2.5	54.25
211	3434	8	-1	422	70957	8	7	6.93	1.5	50.25
212	3431	8	0	1029	71	8	6	6.93	0.5	48.25
213	527	8	1	772	71.06	1	13	6.93	-0.5	48.25
214	524	8	2	872	71.06	1	13	6.93	-1.5	50.25
215	521	8	3	834	71077	1	12	6.93	-2.5	54.25
216	517	8	4	1331	71283	1	11	6.93	-3.5	60.25
217	514	8	5	1247	71283	1	11	6.93	-4.5	68.25
218	718	7	5	814	71102	1	25	6.06	-5	61.75
219	716	6	6	1726	71102	1	25	5.2	-5.5	57.25
220	714	5	6	1289	71102	1	25	4.33	-6	54.75
221	838	4	7	1963	71042	2	7	3.46	-6.5	54.25
222	836	3	7	1269	71042	2	7	2.6	-7	55.75
223	834	2	8	146	71042	2	7	1.73	-7.5	59.25
224	938	1	8	1681	71202	2	15	0.87	-8	64.75
225	936	0	9	1217	71202	2	15	0	-8.5	72.25
226	937	-1	8	1341	71202	2	15	-0.87	-8	64.75
227	1105	-2	8	822	71076	4	9	-1.73	-7.5	59.25
228	1106	-3	7	1021	71076	4	9	-2.6	-7	55.75
229	1107	-4	7	354	71076	4	9	-3.46	-6.5	54.25
230	1415	-5	6	1391	71045	3	3	-4.33	-6	54.75
231	1416	-6	6	1317	71045	3	3	-5.2	-5.5	57.25
232	1417	-7	5	1285	71045	3	3	-6.06	-5	61.75
233	1405	-8	5	1965	71085	3	1	-6.93	-4.5	68.25
234	1406	-9	4	1729	71085	3	1	-7.79	-4	76.75
235	1430	-9	3	803	71003	3	6	-7.79	-3	69.75
236	1433	-9	2	885	71003	3	6	-7.79	-2	64.75
237	1436	-9	1	869	71057	3	7	-7.79	-1	61.75
238	2520	-9	0	829	70956	6	12	-7.79	0	60.75
239	2523	-9	-1	858	70956	6	12	-7.79	1	61.75
240	2526	-9	-2	208	71083	6	13	-7.79	2	64.75
241	2510	-9	-3	649	71023	6	10	-7.79	3	69.75
242	2513	-9	-4	1631	71023	6	10	-7.79	4	76.75
243	2516	-9	-5	859	71072	6	11	-7.79	5	85.75
244	2518	-8	-5	1324	71072	6	11	-6.93	5.5	78.25
245	2704	-7	-6	1385	70985	6	25	-6.06	6	72.75
246	2706	-6	-6	800	70985	6	25	-5.2	6.5	69.25
247	2708	-5	-7	303	70985	6	25	-4.33	7	67.75
248	2834	-4	-7	876	70962	7	7	-3.46	7.5	68.25
249	2836	-3	-8	1135	70962	7	7	-2.6	8	70.75
250	2838	-2	-8	1161	70962	7	7	-1.73	8.5	75.25
251	3004	-1	-9	1334	71012	9	1	-0.87	9	81.75
252	3006	0	-9	1618	71012	9	1	0	9.5	90.25
253	3005	1	-9	1369	71012	9	1	0.87	9	81.75
254	3107	2	-8	493	70857	9	9	1.73	8.5	75.25
255	3106	3	-8	1032	70857	9	9	2.6	8	70.75
256	3105	4	-7	788	70857	9	9	3.46	7.5	68.25
257	3417	5	-7	180	70936	8	3	4.33	7	67.75
258	3416	6	-6	1642	70936	8	3	5.2	6.5	69.25
259	3415	7	-6	1639	70936	8	3	6.06	6	72.75
260	3407	8	-5	982	71037	8	1	6.93	5.5	78.25
261	3406	9	-5	877	71037	8	1	7.79	5	85.75
262	3403	9	-4	1259	71018	8	0	7.79	4	76.75
263	3400	9	-3	1641	71018	8	0	7.79	3	69.75
264	3436	9	-2	857	70957	8	7	7.79	2	64.75
265	3433	9	-1	350	71	8	6	7.79	1	61.75
266	3430	9	0	340	71	8	6	7.79	0	60.75
267	526	9	1	150	71.06	1	13	7.79	-1	61.75
268	523	9	2	873	71077	1	12	7.79	-2	64.75
269	520	9	3	780	71077	1	12	7.79	-3	69.75
270	516	9	4	425	71283	1	11	7.79	-4	76.75
271	513	9	5	605	71162	1	10	7.79	-5	85.75
272	511	8	6	439	71162	1	10	6.93	-5.5	78.25
273	715	7	6	1720	71102	1	25	6.06	-6	72.75
274	713	6	7	1038	71113	1	24	5.2	-6.5	69.25
275	711	5	7	831	71113	1	24	4.33	-7	67.75
276	835	4	8	304	71042	2	7	3.46	-7.5	68.25
277	833	3	8	1267	70974	2	6	2.6	-8	70.75
278	831	2	9	420	70974	2	6	1.73	-8.5	75.25
279	935	1	9	974	71202	2	15	0.87	-9	81.75
280	933	0	10	624	71178	2	14	0	-9.5	90.25
281	934	-1	9	667	71202	2	15	-0.87	-9	81.75
282	1102	-2	9	1684	71094	4	8	-1.73	-8.5	75.25
283	1103	-3	8	364	71094	4	8	-2.6	-8	70.75
284	1104	-4	8	641	71076	4	9	-3.46	-7.5	68.25
285	1412	-5	7	711	71052	3	2	-4.33	-7	67.75
286	1413	-6	7	1133	71052	3	2	-5.2	-6.5	69.25
287	1414	-7	6	346	71045	3	3	-6.06	-6	72.75
288	1402	-8	6	1359	71103	3	0	-6.93	-5.5	78.25
289	1403	-9	5	1718	71103	3	0	-7.79	-5	85.75
290	1404	-10	5	1957	71085	3	1	-8.66	-4.5	95.25
291	1407	-10	4	744	71085	3	1	-8.66	-3.5	87.25
292	1431	-10	3	1309	71003	3	6	-8.66	-2.5	81.25
293	1434	-10	2	338	71057	3	7	-8.66	-1.5	77.25
294	1437	-10	1	197	71057	3	7	-8.66	-0.5	75.25
295	2521	-10	0	1127	70956	6	12	-8.66	0.5	75.25
296	2524	-10	-1	172	71083	6	13	-8.66	1.5	77.25
297	2527	-10	-2	355	71083	6	13	-8.66	2.5	81.25
298	2511	-10	-3	1378	71023	6	10	-8.66	3.5	87.25
299	2514	-10	-4	441	71072	6	11	-8.66	4.5	95.25
300	2517	-10	-5	1321	71072	6	11	-8.66	5.5	105.25
301	2500	-9	-6	1964	71145	6	8	-7.79	6	96.75
302	2502	-8	-6	1980	71145	6	8	-6.93	6.5	90.25
303	2707	-7	-7	301	70985	6	25	-6.06	7	85.75
304	2630	-6	-7	397	71119	6	22	-5.2	7.5	83.25
305	2632	-5	-8	373	71119	6	22	-4.33	8	82.75
306	2837	-4	-8	1156	70962	7	7	-3.46	8.5	84.25
307	2820	-3	-9	343	71159	7	4	-2.6	9	87.75
308	2822	-2	-9	594	71159	7	4	-1.73	9.5	93.25
309	3007	-1	-10	337	71012	9	1	-0.87	10	100.75
310	2930	0	-10	1329	71185	7	14	0	10.5	110.25
311	3008	1	-10	433	71012	9	1	0.87	10	100.75
312	3231	2	-9	693	71.14	9	22	1.73	9.5	93.25
313	3230	3	-9	344	71.14	9	22	2.6	9	87.75
314	3108	4	-8	796	70857	9	9	3.46	8.5	84.25
315	3331	5	-8	657	71147	9	30	4.33	8	82.75
316	3330	6	-7	643	71147	9	30	5.2	7.5	83.25
317	3418	7	-7	430	70936	8	3	6.06	7	85.75
318	3531	8	-6	759	71081	8	14	6.93	6.5	90.25
319	3530	9	-6	676	71081	8	14	7.79	6	96.75
320	3408	10	-5	1960	71037	8	1	8.66	5.5	105.25
321	3405	10	-4	870	71037	8	1	8.66	4.5	95.25
322	3402	10	-3	659	71018	8	0	8.66	3.5	87.25
323	3438	10	-2	1287	70957	8	7	8.66	2.5	81.25
324	3435	10	-1	450	70957	8	7	8.66	1.5	77.25
325	3432	10	0	1961	71	8	6	8.66	0.5	75.25
326	528	10	1	861	71.06	1	13	8.66	-0.5	75.25
327	525	10	2	1649	71.06	1	13	8.66	-1.5	77.25
328	522	10	3	839	71077	1	12	8.66	-2.5	81.25
329	518	10	4	143	71283	1	11	8.66	-3.5	87.25
330	515	10	5	1735	71283	1	11	8.66	-4.5	95.25
331	512	10	6	444	71162	1	10	8.66	-5.5	105.25
332	510	9	6	436	71162	1	10	7.79	-6	96.75
333	507	8	7	335	71204	1	9	6.93	-6.5	90.25
334	712	7	7	865	71113	1	24	6.06	-7	85.75
335	710	6	8	511	71113	1	24	5.2	-7.5	83.25
336	637	5	8	830	71149	1	23	4.33	-8	82.75
337	832	4	9	760	70974	2	6	3.46	-8.5	84.25
338	830	3	9	1022	70974	2	6	2.6	-9	87.75
339	827	2	10	728	71137	2	5	1.73	-9.5	93.25
340	932	1	10	1376	71178	2	14	0.87	-10	100.75
341	930	0	11	1229	71178	2	14	0	-10.5	110.25
342	931	-1	10	608	71178	2	14	-0.87	-10	100.75
343	1238	-2	10	1992	71117	4	23	-1.73	-9.5	93.25
344	1100	-3	9	381	71094	4	8	-2.6	-9	87.75
345	1101	-4	9	431	71094	4	8	-3.46	-8.5	84.25
346	1338	-5	8	1002	71145	4	31	-4.33	-8	82.75
347	1410	-6	8	825	71052	3	2	-5.2	-7.5	83.25
348	1411	-7	7	1632	71052	3	2	-6.06	-7	85.75
349	1538	-8	7	613	71202	3	15	-6.93	-6.5	90.25
350	1400	-9	6	1278	71103	3	0	-7.79	-6	96.75
351	1401	-10	6	351	71103	3	0	-8.66	-5.5	105.25
352	1638	-11	5	1897	71202	3	23	-9.53	-5	115.75
353	1422	-11	4	1280	71128	3	4	-9.53	-4	106.75
354	1425	-11	3	691	71131	3	5	-9.53	-3	99.75
355	1428	-11	2	1028	71131	3	5	-9.53	-2	94.75
356	2532	-11	1	683	71039	6	14	-9.53	-1	91.75
357	2535	-11	0	1336	71091	6	15	-9.53	0	90.75
358	2538	-11	-1	727	71091	6	15	-9.53	1	91.75
359	2322	-11	-2	1728	71198	5	28	-9.53	2	94.75
360	2325	-11	-3	793	71169	5	29	-9.53	3	99.75
361	2328	-11	-4	1367	71169	5	29	-9.53	4	106.75
362	2232	-11	-5	601	71207	5	22	-9.53	5	115.75
363	2235	-11	-6	1653	71213	5	23	-9.53	6	126.75
364	2501	-10	-6	1969	71145	6	8	-8.66	6.5	117.25
365	2503	-9	-7	654	71145	6	8	-7.79	7	109.75
366	2505	-8	-7	668	71112	6	9	-6.93	7.5	104.25
367	2631	-7	-8	168	71119	6	22	-6.06	8	100.75
368	2633	-6	-8	424	71119	6	22	-5.2	8.5	99.25
369	2635	-5	-9	696	71086	6	23	-4.33	9	99.75
370	2821	-4	-9	582	71159	7	4	-3.46	9.5	102.25
371	2823	-3	-10	662	71159	7	4	-2.6	10	106.75
372	2825	-2	-10	785	71164	7	5	-1.73	10.5	113.25
373	2931	-1	-11	841	71185	7	14	-0.87	11	121.75
374	2933	0	-11	1131	71185	7	14	0	11.5	132.25
375	2932	1	-11	295	71185	7	14	0.87	11	121.75
376	3234	2	-10	995	71138	9	23	1.73	10.5	113.25
377	3233	3	-10	864	71.14	9	22	2.6	10	106.75
378	3232	4	-9	828	71.14	9	22	3.46	9.5	102.25
379	3334	5	-9	849	71144	9	31	4.33	9	99.75
380	3333	6	-8	787	71147	9	30	5.2	8.5	99.25
381	3332	7	-8	694	71147	9	30	6.06	8	100.75
382	3534	8	-7	598	71104	8	15	6.93	7.5	104.25
383	3533	9	-7	682	71081	8	14	7.79	7	109.75
384	3532	10	-6	670	71081	8	14	8.66	6.5	117.25
385	3634	11	-6	1050	71225	8	23	9.53	6	126.75
386	3631	11	-5	1349	71098	8	22	9.53	5	115.75
387	3427	11	-4	1991	71101	8	5	9.53	4	106.75
388	3424	11	-3	695	71101	8	5	9.53	3	99.75
389	3421	11	-2	1646	71202	8	4	9.53	2	94.75
390	537	11	-1	1736	71149	1	15	9.53	1	91.75
391	534	11	0	1046	71149	1	15	9.53	0	90.75
392	531	11	1	771	71145	1	14	9.53	-1	91.75
393	337	11	2	609	71118	0	31	9.53	-2	94.75
394	334	11	3	169	71118	0	31	9.53	-3	99.75
395	331	11	4	673	71148	0	30	9.53	-4	106.75
396	237	11	5	1209	71131	0	23	9.53	-5	115.75
397	234	11	6	387	71131	0	23	9.53	-6	126.75
398	508	10	7	635	71204	1	9	8.66	-6.5	117.25
399	506	9	7	1984	71204	1	9	7.79	-7	109.75
400	504	8	8	1293	71204	1	9	6.93	-7.5	104.25
401	638	7	8	327	71149	1	23	6.06	-8	100.75
402	636	6	9	868	71149	1	23	5.2	-8.5	99.25
403	634	5	9	815	71149	1	23	4.33	-9	99.75
404	828	4	10	965	71137	2	5	3.46	-9.5	102.25
405	826	3	10	720	71137	2	5	2.6	-10	106.75
406	824	2	11	165	71137	2	5	1.73	-10.5	113.25
407	928	1	11	1654	71274	2	13	0.87	-11	121.75
408	926	0	12	1126	71274	2	13	0	-11.5	132.25
409	927	-1	11	1144	71274	2	13	-0.87	-11	121.75
410	1235	-2	11	628	71117	4	23	-1.73	-10.5	113.25
411	1236	-3	10	1270	71117	4	23	-2.6	-10	106.75
412	1237	-4	10	1953	71117	4	23	-3.46	-9.5	102.25
413	1335	-5	9	735	71145	4	31	-4.33	-9	99.75
414	1336	-6	9	1201	71145	4	31	-5.2	-8.5	99.25
415	1337	-7	8	801	71145	4	31	-6.06	-8	100.75
416	1535	-8	8	1377	71202	3	15	-6.93	-7.5	104.25
417	1536	-9	7	817	71202	3	15	-7.79	-7	109.75
418	1537	-10	7	1674	71202	3	15	-8.66	-6.5	117.25
419	1635	-11	6	1288	71202	3	23	-9.53	-6	126.75
420	1636	-12	6	1129	71202	3	23	-10.39	-5.5	138.25
421	1420	-12	5	1113	71128	3	4	-10.39	-4.5	128.25
422	1423	-12	4	244	71128	3	4	-10.39	-3.5	120.25
423	1426	-12	3	863	71131	3	5	-10.39	-2.5	114.25
424	2530	-12	2	1955	71039	6	14	-10.39	-1.5	110.25
425	2533	-12	1	850	71039	6	14	-10.39	-0.5	108.25
426	2536	-12	0	447	71091	6	15	-10.39	0.5	108.25
427	2320	-12	-1	1214	71198	5	28	-10.39	1.5	110.25
428	2323	-12	-2	411	71198	5	28	-10.39	2.5	114.25
429	2326	-12	-3	816	71169	5	29	-10.39	3.5	120.25
430	2230	-12	-4	689	71207	5	22	-10.39	4.5	128.25
431	2233	-12	-5	1147	71207	5	22	-10.39	5.5	138.25
432	2236	-12	-6	1738	71213	5	23	-10.39	6.5	150.25
433	2238	-11	-7	627	71213	5	23	-9.53	7	139.75
434	2504	-10	-7	660	71112	6	9	-8.66	7.5	131.25
435	2506	-9	-8	690	71112	6	9	-7.79	8	124.75
436	2508	-8	-8	1330	71112	6	9	-6.93	8.5	120.25
437	2634	-7	-9	675	71086	6	23	-6.06	9	117.75
438	2636	-6	-9	1213	71086	6	23	-5.2	9.5	117.25
439	2638	-5	-10	1621	71086	6	23	-4.33	10	118.75
440	2824	-4	-10	751	71164	7	5	-3.46	10.5	122.25
441	2826	-3	-11	988	71164	7	5	-2.6	11	127.75
442	2828	-2	-11	1951	71164	7	5	-1.73	11.5	135.25
443	2934	-1	-12	448	71134	7	15	-0.87	12	144.75
444	2936	0	-12	1667	71134	7	15	0	12.5	156.25
445	2935	1	-12	1203	71134	7	15	0.87	12	144.75
446	3237	2	-11	1344	71138	9	23	1.73	11.5	135.25
447	3236	3	-11	1279	71138	9	23	2.6	11	127.75
448	3235	4	-10	1211	71138	9	23	3.46	10.5	122.25
449	3337	5	-10	1634	71144	9	31	4.33	10	118.75
450	3336	6	-9	1290	71144	9	31	5.2	9.5	117.25
451	3335	7	-9	1023	71144	9	31	6.06	9	117.75
452	3537	8	-8	743	71104	8	15	6.93	8.5	120.25
453	3536	9	-8	652	71104	8	15	7.79	8	124.75
454	3535	10	-7	365	71104	8	15	8.66	7.5	131.25
455	3637	11	-7	1116	71225	8	23	9.53	7	139.75
456	3636	12	-6	765	71225	8	23	10.39	6.5	150.25
457	3633	12	-5	1048	71098	8	22	10.39	5.5	138.25
458	3630	12	-4	699	71098	8	22	10.39	4.5	128.25
459	3426	12	-3	1360	71101	8	5	10.39	3.5	120.25
460	3423	12	-2	646	71202	8	4	10.39	2.5	114.25
461	3420	12	-1	1619	71202	8	4	10.39	1.5	110.25
462	536	12	0	1609	71149	1	15	10.39	0.5	108.25
463	533	12	1	1026	71145	1	14	10.39	-0.5	108.25
464	530	12	2	752	71145	1	14	10.39	-1.5	110.25
465	336	12	3	557	71118	0	31	10.39	-2.5	114.25
466	333	12	4	129	71148	0	30	10.39	-3.5	120.25
467	330	12	5	1967	71148	0	30	10.39	-4.5	128.25
468	236	12	6	597	71131	0	23	10.39	-5.5	138.25
469	233	12	7	349	71107	0	22	10.39	-6.5	150.25
470	231	11	7	135	71107	0	22	9.53	-7	139.75
471	505	10	8	632	71204	1	9	8.66	-7.5	131.25
472	503	9	8	1275	71149	1	8	7.79	-8	124.75
473	501	8	9	1206	71149	1	8	6.93	-8.5	120.25
474	635	7	9	852	71149	1	23	6.06	-9	117.75
475	633	6	10	812	71171	1	22	5.2	-9.5	117.25
476	631	5	10	398	71171	1	22	4.33	-10	118.75
477	825	4	11	309	71137	2	5	3.46	-10.5	122.25
478	823	3	11	1224	71.22	2	4	2.6	-11	127.75
479	821	2	12	1612	71.22	2	4	1.73	-11.5	135.25
480	925	1	12	972	71274	2	13	0.87	-12	144.75
481	923	0	13	1225	71243	2	12	0	-12.5	156.25
482	924	-1	12	636	71274	2	13	-0.87	-12	144.75
483	1232	-2	12	195	71119	4	22	-1.73	-11.5	135.25
484	1233	-3	11	1202	71119	4	22	-2.6	-11	127.75
485	1234	-4	11	432	71117	4	23	-3.46	-10.5	122.25
486	1332	-5	10	357	71116	4	30	-4.33	-10	118.75
487	1333	-6	10	779	71116	4	30	-5.2	-9.5	117.25
488	1334	-7	9	1228	71145	4	31	-6.06	-9	117.75
489	1532	-8	9	1370	71145	3	14	-6.93	-8.5	120.25
490	1533	-9	8	1664	71145	3	14	-7.79	-8	124.75
491	1534	-10	8	1033	71202	3	15	-8.66	-7.5	131.25
492	1632	-11	7	606	71213	3	22	-9.53	-7	139.75
493	1633	-12	7	440	71213	3	22	-10.39	-6.5	150.25
494	1634	-13	6	1271	71202	3	23	-11.26	-6	162.75
495	1637	-13	5	1663	71202	3	23	-11.26	-5	151.75
496	1421	-13	4	1139	71128	3	4	-11.26	-4	142.75
497	1424	-13	3	590	71131	3	5	-11.26	-3	135.75
498	1427	-13	2	981	71131	3	5	-11.26	-2	130.75
499	2531	-13	1	1975	71039	6	14	-11.26	-1	127.75
500	2534	-13	0	1322	71091	6	15	-11.26	0	126.75
501	2537	-13	-1	684	71091	6	15	-11.26	1	127.75
502	2321	-13	-2	1268	71198	5	28	-11.26	2	130.75
503	2324	-13	-3	665	71169	5	29	-11.26	3	135.75
504	2327	-13	-4	819	71169	5	29	-11.26	4	142.75
505	2231	-13	-5	767	71207	5	22	-11.26	5	151.75
506	2234	-13	-6	1230	71213	5	23	-11.26	6	162.75
507	2237	-13	-7	299	71213	5	23	-11.26	7	175.75
508	2220	-12	-7	2303	71271	5	20	-10.39	7.5	164.25
509	2222	-11	-8	69	71271	5	20	-9.53	8	154.75
510	2507	-10	-8	809	71112	6	9	-8.66	8.5	147.25
511	2430	-9	-9	980	71163	6	6	-7.79	9	141.75
512	2432	-8	-9	2311	71163	6	6	-6.93	9.5	138.25
513	2637	-7	-10	1235	71086	6	23	-6.06	10	136.75
514	2620	-6	-10	403	71154	6	20	-5.2	10.5	137.25
515	2622	-5	-11	742	71154	6	20	-4.33	11	139.75
516	2827	-4	-11	1727	71164	7	5	-3.46	11.5	144.25
517	2810	-3	-12	658	71281	7	2	-2.6	12	150.75
518	2812	-2	-12	489	71281	7	2	-1.73	12.5	159.25
519	2937	-1	-13	298	71134	7	15	-0.87	13	169.75
520	2920	0	-13	74	71229	7	12	0	13.5	182.25
521	2938	1	-13	395	71134	7	15	0.87	13	169.75
522	3221	2	-12	2308	71269	9	20	1.73	12.5	159.25
523	3220	3	-12	1940	71269	9	20	2.6	12	150.75
524	3238	4	-11	1647	71138	9	23	3.46	11.5	144.25
525	3321	5	-11	758	71198	9	28	4.33	11	139.75
526	3320	6	-10	1761	71198	9	28	5.2	10.5	137.25
527	3338	7	-10	719	71144	9	31	6.06	10	136.75
528	3521	8	-9	1977	71171	8	12	6.93	9.5	138.25
529	3520	9	-9	1635	71171	8	12	7.79	9	141.75
530	3538	10	-8	994	71104	8	15	8.66	8.5	147.25
531	3621	11	-8	603	71301	8	20	9.53	8	154.75
532	3620	12	-7	404	71301	8	20	10.39	7.5	164.25
533	3638	13	-7	1003	71225	8	23	11.26	7	175.75
534	3635	13	-6	631	71225	8	23	11.26	6	162.75
535	3632	13	-5	963	71098	8	22	11.26	5	151.75
536	3428	13	-4	824	71101	8	5	11.26	4	142.75
537	3425	13	-3	832	71101	8	5	11.26	3	135.75
538	3422	13	-2	1673	71202	8	4	11.26	2	130.75
539	538	13	-1	1739	71149	1	15	11.26	1	127.75
540	535	13	0	1323	71149	1	15	11.26	0	126.75
541	532	13	1	955	71145	1	14	11.26	-1	127.75
542	338	13	2	833	71118	0	31	11.26	-2	130.75
543	335	13	3	372	71118	0	31	11.26	-3	135.75
544	332	13	4	1730	71148	0	30	11.26	-4	142.75
545	238	13	5	127	71131	0	23	11.26	-5	151.75
546	235	13	6	971	71131	0	23	11.26	-6	162.75
547	232	13	7	300	71107	0	22	11.26	-7	175.75
548	230	12	8	749	71107	0	22	10.39	-7.5	164.25
549	227	11	8	1974	71268	0	21	9.53	-8	154.75
550	502	10	9	1218	71149	1	8	8.66	-8.5	147.25
551	500	9	9	1074	71149	1	8	7.79	-9	141.75
552	437	8	10	1610	71263	1	7	6.93	-9.5	138.25
553	632	7	10	736	71171	1	22	6.06	-10	136.75
554	630	6	11	286	71171	1	22	5.2	-10.5	137.25
555	627	5	11	1655	71288	1	21	4.33	-11	139.75
556	822	4	12	133	71.22	2	4	3.46	-11.5	144.25
557	820	3	12	712	71.22	2	4	2.6	-12	150.75
558	817	2	13	291	71202	2	3	1.73	-12.5	159.25
559	922	1	13	757	71243	2	12	0.87	-13	169.75
560	920	0	14	854	71243	2	12	0	-13.5	182.25
561	921	-1	13	964	71243	2	12	-0.87	-13	169.75
562	1228	-2	13	1752	71293	4	21	-1.73	-12.5	159.25
563	1230	-3	12	405	71119	4	22	-2.6	-12	150.75
564	1231	-4	12	413	71119	4	22	-3.46	-11.5	144.25
565	1328	-5	11	656	71244	4	29	-4.33	-11	139.75
566	1330	-6	11	352	71116	4	30	-5.2	-10.5	137.25
567	1331	-7	10	838	71116	4	30	-6.06	-10	136.75
568	1528	-8	10	709	71268	3	13	-6.93	-9.5	138.25
569	1530	-9	9	983	71145	3	14	-7.79	-9	141.75
570	1531	-10	9	1122	71145	3	14	-8.66	-8.5	147.25
571	1628	-11	8	1925	71288	3	21	-9.53	-8	154.75
572	1630	-12	8	390	71213	3	22	-10.39	-7.5	164.25
573	1631	-13	7	280	71213	3	22	-11.26	-7	175.75
574	1738	-14	7	454	71294	3	31	-12.12	-6.5	189.25
575	1802	-14	6	501	71358	2	16	-12.12	-5.5	177.25
576	1805	-14	5	725	71644	2	17	-12.12	-4.5	167.25
577	1808	-14	4	1215	71644	2	17	-12.12	-3.5	159.25
578	1812	-14	3	68	71316	2	18	-12.12	-2.5	153.25
579	1815	-14	2	1947	71341	2	19	-12.12	-1.5	149.25
580	1818	-14	1	589	71341	2	19	-12.12	-0.5	147.25
581	2332	-14	0	1064	71267	5	30	-12.12	0.5	147.25
582	2335	-14	-1	1350	71.32	5	31	-12.12	1.5	149.25
583	2338	-14	-2	144	71.32	5	31	-12.12	2.5	153.25
584	2312	-14	-3	1616	71277	5	26	-12.12	3.5	159.25
585	2315	-14	-4	1911	71305	5	27	-12.12	4.5	167.25
586	2318	-14	-5	9	71305	5	27	-12.12	5.5	177.25
587	2302	-14	-6	1709	71339	5	24	-12.12	6.5	189.25
588	2305	-14	-7	1950	71285	5	25	-12.12	7.5	203.25
589	2221	-13	-8	18	71271	5	20	-11.26	8	190.75
590	2223	-12	-8	669	71271	5	20	-10.39	8.5	180.25
591	2225	-11	-9	1152	71304	5	21	-9.53	9	171.75
592	2431	-10	-9	1222	71163	6	6	-8.66	9.5	165.25
593	2433	-9	-10	587	71163	6	6	-7.79	10	160.75
594	2435	-8	-10	685	71177	6	7	-6.93	10.5	158.25
595	2621	-7	-11	642	71154	6	20	-6.06	11	157.75
596	2623	-6	-11	750	71154	6	20	-5.2	11.5	159.25
597	2625	-5	-12	1204	71168	6	21	-4.33	12	162.75
598	2811	-4	-12	661	71281	7	2	-3.46	12.5	168.25
599	2813	-3	-13	645	71281	7	2	-2.6	13	175.75
600	2815	-2	-13	1035	71.25	7	3	-1.73	13.5	185.25
601	2921	-1	-14	1900	71229	7	12	-0.87	14	196.75
602	2923	0	-14	492	71229	7	12	0	14.5	210.25
603	2922	1	-14	488	71229	7	12	0.87	14	196.75
604	3224	2	-13	733	71241	9	21	1.73	13.5	185.25
605	3223	3	-13	1216	71269	9	20	2.6	13	175.75
606	3222	4	-12	27	71269	9	20	3.46	12.5	168.25
607	3324	5	-12	293	71178	9	29	4.33	12	162.75
608	3323	6	-11	1936	71198	9	28	5.2	11.5	159.25
609	3322	7	-11	697	71198	9	28	6.06	11	157.75
610	3524	8	-10	621	71113	8	13	6.93	10.5	158.25
611	3523	9	-10	615	71171	8	12	7.79	10	160.75
612	3522	10	-9	382	71171	8	12	8.66	9.5	165.25
613	3624	11	-9	1314	71276	8	21	9.53	9	171.75
614	3623	12	-8	1295	71301	8	20	10.39	8.5	180.25
615	3622	13	-8	653	71301	8	20	11.26	8	190.75
616	3734	14	-7	137	71256	8	31	12.12	7.5	203.25
617	3731	14	-6	1380	71256	8	30	12.12	6.5	189.25
618	3807	14	-5	1261	71037	7	17	12.12	5.5	177.25
619	3804	14	-4	1054	71037	7	17	12.12	4.5	167.25
620	3801	14	-3	1821	71031	7	16	12.12	3.5	159.25
621	3817	14	-2	2315	71004	7	19	12.12	2.5	153.25
622	3814	14	-1	2312	71004	7	19	12.12	1.5	149.25
623	3811	14	0	1219	71005	7	18	12.12	0.5	147.25
624	327	14	1	297	71201	0	29	12.12	-0.5	147.25
625	324	14	2	1148	71201	0	29	12.12	-1.5	149.25
626	321	14	3	666	71201	0	28	12.12	-2.5	153.25
627	317	14	4	1357	71246	0	27	12.12	-3.5	159.25
628	314	14	5	686	71246	0	27	12.12	-4.5	167.25
629	311	14	6	1146	71256	0	26	12.12	-5.5	177.25
630	307	14	7	140	71.28	0	25	12.12	-6.5	189.25
631	304	14	8	1754	71.28	0	25	12.12	-7.5	203.25
632	228	13	8	393	71268	0	21	11.26	-8	190.75
633	226	12	9	1845	71268	0	21	10.39	-8.5	180.25
634	224	11	9	958	71268	0	21	9.53	-9	171.75
635	438	10	10	22	71263	1	7	8.66	-9.5	165.25
636	436	9	10	1373	71263	1	7	7.79	-10	160.75
637	434	8	11	379	71263	1	7	6.93	-10.5	158.25
638	628	7	11	1656	71288	1	21	6.06	-11	157.75
639	626	6	12	1365	71288	1	21	5.2	-11.5	159.25
640	624	5	12	1652	71288	1	21	4.33	-12	162.75
641	818	4	13	500	71202	2	3	3.46	-12.5	168.25
642	816	3	13	121	71202	2	3	2.6	-13	175.75
643	814	2	14	1208	71202	2	3	1.73	-13.5	185.25
644	908	1	14	573	71402	2	11	0.87	-14	196.75
645	906	0	15	539	71402	2	11	0	-14.5	210.25
646	907	-1	14	566	71402	2	11	-0.87	-14	196.75
647	1225	-2	14	328	71293	4	21	-1.73	-13.5	185.25
648	1226	-3	13	213	71293	4	21	-2.6	-13	175.75
649	1227	-4	13	1903	71293	4	21	-3.46	-12.5	168.25
650	1325	-5	12	855	71244	4	29	-4.33	-12	162.75
651	1326	-6	12	1355	71244	4	29	-5.2	-11.5	159.25
652	1327	-7	11	1358	71244	4	29	-6.06	-11	157.75
653	1525	-8	11	677	71268	3	13	-6.93	-10.5	158.25
654	1526	-9	10	24	71268	3	13	-7.79	-10	160.75
655	1527	-10	10	1124	71268	3	13	-8.66	-9.5	165.25
656	1625	-11	9	1067	71288	3	21	-9.53	-9	171.75
657	1626	-12	9	1710	71288	3	21	-10.39	-8.5	180.25
658	1627	-13	8	688	71288	3	21	-11.26	-8	190.75
659	1735	-14	8	1908	71294	3	31	-12.12	-7.5	203.25
660	1736	-15	7	1066	71294	3	31	-12.99	-7	217.75
661	1800	-15	6	366	71358	2	16	-12.99	-6	204.75
662	1803	-15	5	44	71358	2	16	-12.99	-5	193.75
663	1806	-15	4	746	71644	2	17	-12.99	-4	184.75
664	1810	-15	3	407	71316	2	18	-12.99	-3	177.75
665	1813	-15	2	1630	71316	2	18	-12.99	-2	172.75
666	1816	-15	1	2317	71341	2	19	-12.99	-1	169.75
667	2330	-15	0	592	71267	5	30	-12.99	0	168.75
668	2333	-15	-1	2316	71267	5	30	-12.99	1	169.75
669	2336	-15	-2	1753	71.32	5	31	-12.99	2	172.75
670	2310	-15	-3	593	71277	5	26	-12.99	3	177.75
671	2313	-15	-4	1633	71277	5	26	-12.99	4	184.75
672	2316	-15	-5	2309	71305	5	27	-12.99	5	193.75
673	2300	-15	-6	1363	71339	5	24	-12.99	6	204.75
674	2303	-15	-7	1881	71339	5	24	-12.99	7	217.75
675	2306	-15	-8	502	71285	5	25	-12.99	8	232.75
676	2308	-14	-8	507	71285	5	25	-12.12	8.5	219.25
677	2224	-13	-9	698	71304	5	21	-11.26	9	207.75
678	2226	-12	-9	1672	71304	5	21	-10.39	9.5	198.25
679	2228	-11	-10	260	71304	5	21	-9.53	10	190.75
680	2434	-10	-10	678	71177	6	7	-8.66	10.5	185.25
681	2436	-9	-11	975	71177	6	7	-7.79	11	181.75
682	2438	-8	-11	1339	71177	6	7	-6.93	11.5	180.25
683	2624	-7	-12	1150	71168	6	21	-6.06	12	180.75
684	2626	-6	-12	1340	71168	6	21	-5.2	12.5	183.25
685	2628	-5	-13	674	71168	6	21	-4.33	13	187.75
686	2814	-4	-13	1025	71.25	7	3	-3.46	13.5	194.25
687	2816	-3	-14	1041	71.25	7	3	-2.6	14	202.75
688	2818	-2	-14	1145	71.25	7	3	-1.73	14.5	213.25
689	2924	-1	-15	510	71263	7	13	-0.87	15	225.75
690	2926	0	-15	704	71263	7	13	0	15.5	240.25
691	2925	1	-15	517	71263	7	13	0.87	15	225.75
692	3227	2	-14	1205	71241	9	21	1.73	14.5	213.25
693	3226	3	-14	1142	71241	9	21	2.6	14	202.75
694	3225	4	-13	960	71241	9	21	3.46	13.5	194.25
695	3327	5	-13	1946	71178	9	29	4.33	13	187.75
696	3326	6	-12	583	71178	9	29	5.2	12.5	183.25
697	3325	7	-12	579	71178	9	29	6.06	12	180.75
698	3527	8	-11	619	71113	8	13	6.93	11.5	180.25
699	3526	9	-11	1966	71113	8	13	7.79	11	181.75
700	3525	10	-10	84	71113	8	13	8.66	10.5	185.25
701	3627	11	-10	672	71276	8	21	9.53	10	190.75
702	3626	12	-9	1783	71276	8	21	10.39	9.5	198.25
703	3625	13	-9	1614	71276	8	21	11.26	9	207.75
704	3737	14	-8	633	71256	8	31	12.12	8.5	219.25
705	3736	15	-8	585	71256	8	31	12.99	8	232.75
706	3733	15	-7	20	71256	8	30	12.99	7	217.75
707	3730	15	-6	508	71256	8	30	12.99	6	204.75
708	3806	15	-5	1939	71037	7	17	12.99	5	193.75
709	3803	15	-4	1151	71031	7	16	12.99	4	184.75
710	3800	15	-3	1125	71031	7	16	12.99	3	177.75
711	3816	15	-2	967	71004	7	19	12.99	2	172.75
712	3813	15	-1	1620	71005	7	18	12.99	1	169.75
713	3810	15	0	1120	71005	7	18	12.99	0	168.75
714	326	15	1	289	71201	0	29	12.99	-1	169.75
715	323	15	2	650	71201	0	28	12.99	-2	172.75
716	320	15	3	2305	71201	0	28	12.99	-3	177.75
717	316	15	4	1134	71246	0	27	12.99	-4	184.75
718	313	15	5	100	71256	0	26	12.99	-5	193.75
719	310	15	6	10	71256	0	26	12.99	-6	204.75
720	306	15	7	30	71.28	0	25	12.99	-7	217.75
721	303	15	8	1629	71266	0	24	12.99	-8	232.75
722	301	14	9	118	71266	0	24	12.12	-8.5	219.25
723	225	13	9	1068	71268	0	21	11.26	-9	207.75
724	223	12	10	52	71288	0	20	10.39	-9.5	198.25
725	221	11	10	565	71288	0	20	9.53	-10	190.75
726	435	10	11	1040	71263	1	7	8.66	-10.5	185.25
727	433	9	11	1956	71235	1	6	7.79	-11	181.75
728	431	8	12	1000	71235	1	6	6.93	-11.5	180.25
729	625	7	12	584	71288	1	21	6.06	-12	180.75
730	623	6	13	1648	71.25	1	20	5.2	-12.5	183.25
731	621	5	13	1615	71.25	1	20	4.33	-13	187.75
732	815	4	14	92	71202	2	3	3.46	-13.5	194.25
733	813	3	14	1036	71235	2	2	2.6	-14	202.75
734	811	2	15	476	71235	2	2	1.73	-14.5	213.25
735	905	1	15	480	71402	2	11	0.87	-15	225.75
736	903	0	16	360	71377	2	10	0	-15.5	240.25
737	904	-1	15	464	71402	2	11	-0.87	-15	225.75
738	1222	-2	15	1055	71216	4	20	-1.73	-14.5	213.25
739	1223	-3	14	1668	71216	4	20	-2.6	-14	202.75
740	1224	-4	14	1915	71293	4	21	-3.46	-13.5	194.25
741	1322	-5	13	374	71242	4	28	-4.33	-13	187.75
742	1323	-6	13	570	71242	4	28	-5.2	-12.5	183.25
743	1324	-7	12	1049	71244	4	29	-6.06	-12	180.75
744	1522	-8	12	2306	71.3	3	12	-6.93	-11.5	180.25
745	1523	-9	11	2307	71.3	3	12	-7.79	-11	181.75
746	1524	-10	11	700	71268	3	13	-8.66	-10.5	185.25
747	1622	-11	10	1613	71284	3	20	-9.53	-10	190.75
748	1623	-12	10	477	71284	3	20	-10.39	-9.5	198.25
749	1624	-13	9	610	71288	3	21	-11.26	-9	207.75
750	1732	-14	9	1863	71304	3	30	-12.12	-8.5	219.25
751	1733	-15	8	1864	71304	3	30	-12.99	-8	232.75
752	1734	-16	8	1892	71294	3	31	-13.86	-7.5	248.25
753	1737	-16	7	394	71294	3	31	-13.86	-6.5	234.25
754	1801	-16	6	409	71358	2	16	-13.86	-5.5	222.25
755	1804	-16	5	141	71644	2	17	-13.86	-4.5	212.25
756	1807	-16	4	1138	71644	2	17	-13.86	-3.5	204.25
757	1811	-16	3	607	71316	2	18	-13.86	-2.5	198.25
758	1814	-16	2	1661	71341	2	19	-13.86	-1.5	194.25
759	1817	-16	1	1226	71341	2	19	-13.86	-0.5	192.25
760	2331	-16	0	591	71267	5	30	-13.86	0.5	192.25
761	2334	-16	-1	1149	71.32	5	31	-13.86	1.5	194.25
762	2337	-16	-2	648	71.32	5	31	-13.86	2.5	198.25
763	2311	-16	-3	1140	71277	5	26	-13.86	3.5	204.25
764	2314	-16	-4	1686	71305	5	27	-13.86	4.5	212.25
765	2317	-16	-5	1027	71305	5	27	-13.86	5.5	222.25
766	2301	-16	-6	1379	71339	5	24	-13.86	6.5	234.25
767	2304	-16	-7	324	71285	5	25	-13.86	7.5	248.25
768	2307	-16	-8	504	71285	5	25	-13.86	8.5	264.25
769	2100	-15	-9	259	71403	5	8	-12.99	9	249.75
770	2102	-14	-9	534	71403	5	8	-12.12	9.5	237.25
771	2227	-13	-10	279	71304	5	21	-11.26	10	226.75
772	2200	-12	-10	1237	71381	5	16	-10.39	10.5	218.25
773	2202	-11	-11	1299	71381	5	16	-9.53	11	211.75
774	2437	-10	-11	1114	71177	6	7	-8.66	11.5	207.25
775	2420	-9	-12	620	71.32	6	4	-7.79	12	204.75
776	2422	-8	-12	1115	71.32	6	4	-6.93	12.5	204.25
777	2627	-7	-13	380	71168	6	21	-6.06	13	205.75
778	2610	-6	-13	460	71272	6	18	-5.2	13.5	209.25
779	2612	-5	-14	377	71272	6	18	-4.33	14	214.75
780	2817	-4	-14	664	71.25	7	3	-3.46	14.5	222.25
781	2800	-3	-15	1814	71402	7	0	-2.6	15	231.75
782	2802	-2	-15	515	71402	7	0	-1.73	15.5	243.25
783	2927	-1	-16	1057	71263	7	13	-0.87	16	256.75
784	2900	0	-16	234	71435	7	8	0	16.5	272.25
785	2928	1	-16	1078	71263	7	13	0.87	16	256.75
786	3211	2	-15	729	71343	9	18	1.73	15.5	243.25
787	3210	3	-15	80	71343	9	18	2.6	15	231.75
788	3228	4	-14	1891	71241	9	21	3.46	14.5	222.25
789	3311	5	-14	1313	71358	9	26	4.33	14	214.75
790	3310	6	-13	1256	71358	9	26	5.2	13.5	209.25
791	3328	7	-13	623	71178	9	29	6.06	13	205.75
792	3511	8	-12	1291	71233	8	10	6.93	12.5	204.25
793	3510	9	-12	1257	71233	8	10	7.79	12	204.75
794	3528	10	-11	1223	71113	8	13	8.66	11.5	207.25
795	3611	11	-11	475	71328	8	18	9.53	11	211.75
796	3610	12	-10	72	71328	8	18	10.39	10.5	218.25
797	3628	13	-10	717	71276	8	21	11.26	10	226.75
798	3711	14	-9	70	71439	8	26	12.12	9.5	237.25
799	3710	15	-9	1914	71439	8	26	12.99	9	249.75
800	3738	16	-8	692	71256	8	31	13.86	8.5	264.25
801	3735	16	-7	281	71256	8	31	13.86	7.5	248.25
802	3732	16	-6	1751	71256	8	30	13.86	6.5	234.25
803	3808	16	-5	278	71037	7	17	13.86	5.5	222.25
804	3805	16	-4	1926	71037	7	17	13.86	4.5	212.25
805	3802	16	-3	1830	71031	7	16	13.86	3.5	204.25
806	3818	16	-2	1742	71004	7	19	13.86	2.5	198.25
807	3815	16	-1	640	71004	7	19	13.86	1.5	194.25
808	3812	16	0	1296	71005	7	18	13.86	0.5	192.25
809	328	16	1	388	71201	0	29	13.86	-0.5	192.25
810	325	16	2	1671	71201	0	29	13.86	-1.5	194.25
811	322	16	3	2314	71201	0	28	13.86	-2.5	198.25
812	318	16	4	2310	71246	0	27	13.86	-3.5	204.25
813	315	16	5	1039	71246	0	27	13.86	-4.5	212.25
814	312	16	6	487	71256	0	26	13.86	-5.5	222.25
815	308	16	7	754	71.28	0	25	13.86	-6.5	234.25
816	305	16	8	1823	71.28	0	25	13.86	-7.5	248.25
817	302	16	9	655	71266	0	24	13.86	-8.5	264.25
818	300	15	9	1292	71266	0	24	12.99	-9	249.75
819	107	14	10	1748	71.43	0	9	12.12	-9.5	237.25
820	222	13	10	26	71288	0	20	11.26	-10	226.75
821	220	12	11	1651	71288	0	20	10.39	-10.5	218.25
822	207	11	11	745	71359	0	17	9.53	-11	211.75
823	432	10	12	1813	71235	1	6	8.66	-11.5	207.25
824	430	9	12	599	71235	1	6	7.79	-12	204.75
825	427	8	13	1770	71364	1	5	6.93	-12.5	204.25
826	622	7	13	1624	71.25	1	20	6.06	-13	205.75
827	620	6	14	766	71.25	1	20	5.2	-13.5	209.25
828	617	5	14	1282	71413	1	19	4.33	-14	214.75
829	812	4	15	490	71235	2	2	3.46	-14.5	222.25
830	810	3	15	396	71235	2	2	2.6	-15	231.75
831	807	2	16	1889	71416	2	1	1.73	-15.5	243.25
832	902	1	16	333	71377	2	10	0.87	-16	256.75
833	900	0	17	470	71377	2	10	0	-16.5	272.25
834	901	-1	16	479	71377	2	10	-0.87	-16	256.75
835	1218	-2	16	385	71243	4	19	-1.73	-15.5	243.25
836	1220	-3	15	568	71216	4	20	-2.6	-15	231.75
837	1221	-4	15	1030	71216	4	20	-3.46	-14.5	222.25
838	1318	-5	14	1284	71373	4	27	-4.33	-14	214.75
839	1320	-6	14	1697	71242	4	28	-5.2	-13.5	209.25
840	1321	-7	13	341	71242	4	28	-6.06	-13	205.75
841	1518	-8	13	577	71373	3	11	-6.93	-12.5	204.25
842	1520	-9	12	1948	71.3	3	12	-7.79	-12	204.75
843	1521	-10	12	2304	71.3	3	12	-8.66	-11.5	207.25
844	1618	-11	11	1371	71405	3	19	-9.53	-11	211.75
845	1620	-12	11	525	71284	3	20	-10.39	-10.5	218.25
846	1621	-13	10	614	71284	3	20	-11.26	-10	226.75
847	1718	-14	10	1928	71.38	3	27	-12.12	-9.5	237.25
848	1730	-15	9	846	71304	3	30	-12.99	-9	249.75
849	1731	-16	9	1080	71304	3	30	-13.86	-8.5	264.25
850	1728	-17	8	761	71517	3	29	-14.72	-8	280.75
851	1912	-17	7	710	71495	2	26	-14.72	-7	265.75
852	1915	-17	6	1319	71486	2	27	-14.72	-6	252.75
853	1918	-17	5	1781	71486	2	27	-14.72	-5	241.75
854	1822	-17	4	737	71393	2	20	-14.72	-4	232.75
855	1825	-17	3	1901	71477	2	21	-14.72	-3	225.75
856	1828	-17	2	1352	71477	2	21	-14.72	-2	220.75
857	1832	-17	1	1249	71373	2	22	-14.72	-1	217.75
858	1835	-17	0	1917	71407	2	23	-14.72	0	216.75
859	1838	-17	-1	142	71407	2	23	-14.72	1	217.75
860	2032	-17	-2	115	71393	5	6	-14.72	2	220.75
861	2035	-17	-3	1927	71384	5	7	-14.72	3	225.75
862	2038	-17	-4	391	71384	5	7	-14.72	4	232.75
863	2022	-17	-5	1305	71396	5	4	-14.72	5	241.75
864	2025	-17	-6	1808	71392	5	5	-14.72	6	252.75
865	2028	-17	-7	1875	71392	5	5	-14.72	7	265.75
866	2121	-17	-8	1807	71444	5	12	-14.72	8	280.75
867	2123	-17	-9	1945	71444	5	12	-14.72	9	297.75
868	2101	-16	-9	370	71403	5	8	-13.86	9.5	282.25
869	2103	-15	-10	540	71403	5	8	-12.99	10	268.75
870	2105	-14	-10	713	71459	5	9	-12.12	10.5	257.25
871	2201	-13	-11	1297	71381	5	16	-11.26	11	247.75
872	2203	-12	-11	1302	71381	5	16	-10.39	11.5	240.25
873	2205	-11	-12	1679	71399	5	17	-9.53	12	234.75
874	2421	-10	-12	1024	71.32	6	4	-8.66	12.5	231.25
875	2423	-9	-13	1938	71.32	6	4	-7.79	13	229.75
876	2425	-8	-13	1932	71363	6	5	-6.93	13.5	230.25
877	2611	-7	-14	362	71272	6	18	-6.06	14	232.75
878	2613	-6	-14	462	71272	6	18	-5.2	14.5	237.25
879	2615	-5	-15	580	71305	6	19	-4.33	15	243.75
880	2801	-4	-15	46	71402	7	0	-3.46	15.5	252.25
881	2803	-3	-16	718	71402	7	0	-2.6	16	262.75
882	2805	-2	-16	1312	71369	7	1	-1.73	16.5	275.25
883	2901	-1	-17	1988	71435	7	8	-0.87	17	289.75
884	2903	0	-17	231	71435	7	8	0	17.5	306.25
885	2902	1	-17	85	71435	7	8	0.87	17	289.75
886	3214	2	-16	1303	71347	9	19	1.73	16.5	275.25
887	3213	3	-16	1240	71343	9	18	2.6	16	262.75
888	3212	4	-15	756	71343	9	18	3.46	15.5	252.25
889	3314	5	-15	1797	71329	9	27	4.33	15	243.75
890	3313	6	-14	1793	71358	9	26	5.2	14.5	237.25
891	3312	7	-14	1690	71358	9	26	6.06	14	232.75
892	3514	8	-13	498	71303	8	11	6.93	13.5	230.25
893	3513	9	-13	1866	71233	8	10	7.79	13	229.75
894	3512	10	-12	1794	71233	8	10	8.66	12.5	231.25
895	3614	11	-12	722	71418	8	19	9.53	12	234.75
896	3613	12	-11	714	71328	8	18	10.39	11.5	240.25
897	3612	13	-11	572	71328	8	18	11.26	11	247.75
898	3714	14	-10	671	71261	8	27	12.12	10.5	257.25
899	3713	15	-10	228	71439	8	26	12.99	10	268.75
900	3712	16	-9	1232	71439	8	26	13.86	9.5	282.25
901	3723	17	-9	1829	71385	8	28	14.72	9	297.75
902	3721	17	-8	1362	71385	8	28	14.72	8	280.75
903	3917	17	-7	1879	71.19	7	27	14.72	7	265.75
904	3914	17	-6	1244	71.19	7	27	14.72	6	252.75
905	3911	17	-5	523	71083	7	26	14.72	5	241.75
906	3827	17	-4	1855	71101	7	21	14.72	4	232.75
907	3824	17	-3	1069	71101	7	21	14.72	3	225.75
908	3821	17	-2	518	71124	7	20	14.72	2	220.75
909	3837	17	-1	47	70999	7	23	14.72	1	217.75
910	3834	17	0	1707	70999	7	23	14.72	0	216.75
911	3831	17	1	516	71077	7	22	14.72	-1	217.75
912	37	17	2	1778	71343	0	7	14.72	-2	220.75
913	34	17	3	740	71343	0	7	14.72	-3	225.75
914	31	17	4	77	71332	0	6	14.72	-4	232.75
915	27	17	5	217	71409	0	5	14.72	-5	241.75
916	24	17	6	1877	71409	0	5	14.72	-6	252.75
917	21	17	7	1658	71371	0	4	14.72	-7	265.75
918	128	17	8	1886	71485	0	13	14.72	-8	280.75
919	126	17	9	1683	71485	0	13	14.72	-9	297.75
920	108	16	10	240	71.43	0	9	13.86	-9.5	282.25
921	106	15	10	1713	71.43	0	9	12.99	-10	268.75
922	104	14	11	131	71.43	0	9	12.12	-10.5	257.25
923	208	13	11	626	71359	0	17	11.26	-11	247.75
924	206	12	12	468	71359	0	17	10.39	-11.5	240.25
925	204	11	12	1777	71359	0	17	9.53	-12	234.75
926	428	10	13	181	71364	1	5	8.66	-12.5	231.25
927	426	9	13	1715	71364	1	5	7.79	-13	229.75
928	424	8	14	1685	71364	1	5	6.93	-13.5	230.25
929	618	7	14	1800	71413	1	19	6.06	-14	232.75
930	616	6	15	612	71413	1	19	5.2	-14.5	237.25
931	614	5	15	211	71413	1	19	4.33	-15	243.75
932	808	4	16	225	71416	2	1	3.46	-15.5	252.25
933	806	3	16	1884	71416	2	1	2.6	-16	262.75
934	804	2	17	41	71416	2	1	1.73	-16.5	275.25
935	918	1	17	1771	71515	2	9	0.87	-17	289.75
936	916	0	18	226	71515	2	9	0	-17.5	306.25
937	917	-1	17	400	71515	2	9	-0.87	-17	289.75
938	1215	-2	17	505	71243	4	19	-1.73	-16.5	275.25
939	1216	-3	16	647	71243	4	19	-2.6	-16	262.75
940	1217	-4	16	359	71243	4	19	-3.46	-15.5	252.25
941	1315	-5	15	1799	71373	4	27	-4.33	-15	243.75
942	1316	-6	15	1785	71373	4	27	-5.2	-14.5	237.25
943	1317	-7	14	1304	71373	4	27	-6.06	-14	232.75
944	1515	-8	14	469	71373	3	11	-6.93	-13.5	230.25
945	1516	-9	13	474	71373	3	11	-7.79	-13	229.75
946	1517	-10	13	564	71373	3	11	-8.66	-12.5	231.25
947	1615	-11	12	21	71405	3	19	-9.53	-12	234.75
948	1616	-12	12	1075	71405	3	19	-10.39	-11.5	240.25
949	1617	-13	11	1070	71405	3	19	-11.26	-11	247.75
950	1715	-14	11	1818	71.38	3	27	-12.12	-10.5	257.25
951	1716	-15	10	747	71.38	3	27	-12.99	-10	268.75
952	1717	-16	10	219	71.38	3	27	-13.86	-9.5	282.25
953	1726	-17	9	222	71517	3	29	-14.72	-9	297.75
954	1727	-18	9	262	71517	3	29	-15.59	-8.5	315.25
955	1910	-18	8	520	71495	2	26	-15.59	-7.5	299.25
956	1913	-18	7	1246	71495	2	26	-15.59	-6.5	285.25
957	1916	-18	6	1694	71486	2	27	-15.59	-5.5	273.25
958	1820	-18	5	1811	71393	2	20	-15.59	-4.5	263.25
959	1823	-18	4	1810	71393	2	20	-15.59	-3.5	255.25
960	1826	-18	3	1912	71477	2	21	-15.59	-2.5	249.25
961	1830	-18	2	461	71373	2	22	-15.59	-1.5	245.25
962	1833	-18	1	1812	71373	2	22	-15.59	-0.5	243.25
963	1836	-18	0	63	71407	2	23	-15.59	0.5	243.25
964	2030	-18	-1	59	71393	5	6	-15.59	1.5	245.25
965	2033	-18	-2	1868	71393	5	6	-15.59	2.5	249.25
966	2036	-18	-3	1931	71384	5	7	-15.59	3.5	255.25
967	2020	-18	-4	1234	71396	5	4	-15.59	4.5	263.25
968	2023	-18	-5	56	71396	5	4	-15.59	5.5	273.25
969	2026	-18	-6	1825	71392	5	5	-15.59	6.5	285.25
970	2120	-18	-7	1243	71444	5	12	-15.59	7.5	299.25
971	2122	-18	-8	229	71444	5	12	-15.59	8.5	315.25
972	2124	-18	-9	764	71472	5	13	-15.59	9.5	333.25
973	2125	-17	-10	1272	71472	5	13	-14.72	10	316.75
974	2104	-16	-10	596	71459	5	9	-13.86	10.5	302.25
975	2106	-15	-11	1878	71459	5	9	-12.99	11	289.75
976	2108	-14	-11	1896	71459	5	9	-12.12	11.5	279.25
977	2204	-13	-12	1353	71399	5	17	-11.26	12	270.75
978	2206	-12	-12	1693	71399	5	17	-10.39	12.5	264.25
979	2208	-11	-13	1857	71399	5	17	-9.53	13	259.75
980	2424	-10	-13	1905	71363	6	5	-8.66	13.5	257.25
981	2426	-9	-14	687	71363	6	5	-7.79	14	256.75
982	2428	-8	-14	485	71363	6	5	-6.93	14.5	258.25
983	2614	-7	-15	554	71305	6	19	-6.06	15	261.75
984	2616	-6	-15	618	71305	6	19	-5.2	15.5	267.25
985	2618	-5	-16	703	71305	6	19	-4.33	16	274.75
986	2804	-4	-16	1790	71369	7	1	-3.46	16.5	284.25
987	2806	-3	-17	401	71369	7	1	-2.6	17	295.75
988	2808	-2	-17	1263	71369	7	1	-1.73	17.5	309.25
989	2911	-1	-18	1895	71155	7	10	-0.87	18	324.75
990	2914	0	-18	8	71228	7	11	0	18.5	342.25
991	2904	1	-18	258	71.43	7	9	0.87	18	324.75
992	3217	2	-17	1848	71347	9	19	1.73	17.5	309.25
993	3216	3	-17	1824	71347	9	19	2.6	17	295.75
994	3215	4	-16	1374	71347	9	19	3.46	16.5	284.25
995	3317	5	-16	484	71329	9	27	4.33	16	274.75
996	3316	6	-15	663	71329	9	27	5.2	15.5	267.25
997	3315	7	-15	1856	71329	9	27	6.06	15	261.75
998	3517	8	-14	1076	71303	8	11	6.93	14.5	258.25
999	3516	9	-14	730	71303	8	11	7.79	14	256.75
1000	3515	10	-13	581	71303	8	11	8.66	13.5	257.25
1001	3617	11	-13	630	71418	8	19	9.53	13	259.75
1002	3616	12	-12	1861	71418	8	19	10.39	12.5	264.25
1003	3615	13	-12	762	71418	8	19	11.26	12	270.75
1004	3717	14	-11	104	71261	8	27	12.12	11.5	279.25
1005	3716	15	-11	71	71261	8	27	12.99	11	289.75
1006	3715	16	-10	1942	71261	8	27	13.86	10.5	302.25
1007	3725	17	-10	45	71414	8	29	14.72	10	316.75
1008	3724	18	-9	1916	71414	8	29	15.59	9.5	333.25
1009	3722	18	-8	1773	71385	8	28	15.59	8.5	315.25
1010	3720	18	-7	763	71385	8	28	15.59	7.5	299.25
1011	3916	18	-6	109	71.19	7	27	15.59	6.5	285.25
1012	3913	18	-5	721	71083	7	26	15.59	5.5	273.25
1013	3910	18	-4	237	71083	7	26	15.59	4.5	263.25
1014	3826	18	-3	1769	71101	7	21	15.59	3.5	255.25
1015	3823	18	-2	679	71124	7	20	15.59	2.5	249.25
1016	3820	18	-1	392	71124	7	20	15.59	1.5	245.25
1017	3836	18	0	1834	70999	7	23	15.59	0.5	243.25
1018	3833	18	1	406	71077	7	22	15.59	-0.5	243.25
1019	3830	18	2	478	71077	7	22	15.59	-1.5	245.25
1020	36	18	3	1368	71343	0	7	15.59	-2.5	249.25
1021	33	18	4	1876	71332	0	6	15.59	-3.5	255.25
1022	30	18	5	58	71332	0	6	15.59	-4.5	263.25
1023	26	18	6	238	71409	0	5	15.59	-5.5	273.25
1024	23	18	7	1258	71371	0	4	15.59	-6.5	285.25
1025	20	18	8	1839	71371	0	4	15.59	-7.5	299.25
1026	127	18	9	1883	71485	0	13	15.59	-8.5	315.25
1027	125	18	10	221	71485	0	13	15.59	-9.5	333.25
1028	124	17	10	1669	71485	0	13	14.72	-10	316.75
1029	105	16	11	1791	71.43	0	9	13.86	-10.5	302.25
1030	103	15	11	13	71.36	0	8	12.99	-11	289.75
1031	101	14	12	1869	71.36	0	8	12.12	-11.5	279.25
1032	205	13	12	1688	71359	0	17	11.26	-12	270.75
1033	203	12	13	1779	71357	0	16	10.39	-12.5	264.25
1034	201	11	13	1786	71357	0	16	9.53	-13	259.75
1035	425	10	14	1712	71364	1	5	8.66	-13.5	257.25
1036	423	9	14	1300	71366	1	4	7.79	-14	256.75
1037	421	8	15	1065	71366	1	4	6.93	-14.5	258.25
1038	615	7	15	588	71413	1	19	6.06	-15	261.75
1039	613	6	16	527	71382	1	18	5.2	-15.5	267.25
1040	611	5	16	95	71382	1	18	4.33	-16	274.75
1041	805	4	17	193	71416	2	1	3.46	-16.5	284.25
1042	803	3	17	15	71467	2	0	2.6	-17	295.75
1043	801	2	18	1937	71467	2	0	1.73	-17.5	309.25
1044	915	1	18	1841	71515	2	9	0.87	-18	324.75
1045	913	0	19	233	71543	2	8	0	-18.5	342.25
1046	914	-1	18	731	71515	2	9	-0.87	-18	324.75
1047	1212	-2	18	1276	71281	4	18	-1.73	-17.5	309.25
1048	1213	-3	17	576	71281	4	18	-2.6	-17	295.75
1049	1214	-4	17	325	71243	4	19	-3.46	-16.5	284.25
1050	1312	-5	16	1941	71359	4	26	-4.33	-16	274.75
1051	1313	-6	16	34	71359	4	26	-5.2	-15.5	267.25
1052	1314	-7	15	182	71373	4	27	-6.06	-15	261.75
1053	1512	-8	15	1882	71354	3	10	-6.93	-14.5	258.25
1054	1513	-9	14	1851	71354	3	10	-7.79	-14	256.75
1055	1514	-10	14	361	71373	3	11	-8.66	-13.5	257.25
1056	1612	-11	13	386	71406	3	18	-9.53	-13	259.75
1057	1613	-12	13	526	71406	3	18	-10.39	-12.5	264.25
1058	1614	-13	12	537	71405	3	19	-11.26	-12	270.75
1059	1712	-14	12	1262	71412	3	26	-12.12	-11.5	279.25
1060	1713	-15	11	1354	71412	3	26	-12.99	-11	289.75
1061	1714	-16	11	1364	71.38	3	27	-13.86	-10.5	302.25
1062	1724	-17	10	330	71517	3	29	-14.72	-10	316.75
1063	1725	-18	10	1318	71517	3	29	-15.59	-9.5	333.25
1064	1900	-19	9	257	71652	2	24	-16.45	-9	351.75
1065	1903	-19	8	1837	71652	2	24	-16.45	-8	334.75
1066	1911	-19	7	538	71495	2	26	-16.45	-7	319.75
1067	1914	-19	6	1311	71486	2	27	-16.45	-6	306.75
1068	1917	-19	5	1705	71486	2	27	-16.45	-5	295.75
1069	1821	-19	4	571	71393	2	20	-16.45	-4	286.75
1070	1824	-19	3	1802	71477	2	21	-16.45	-3	279.75
1071	1827	-19	2	1943	71477	2	21	-16.45	-2	274.75
1072	1831	-19	1	463	71373	2	22	-16.45	-1	271.75
1073	1834	-19	0	1910	71407	2	23	-16.45	0	270.75
1074	1837	-19	-1	97	71407	2	23	-16.45	1	271.75
1075	2031	-19	-2	66	71393	5	6	-16.45	2	274.75
1076	2034	-19	-3	1923	71384	5	7	-16.45	3	279.75
1077	2037	-19	-4	369	71384	5	7	-16.45	4	286.75
1078	2021	-19	-5	1245	71396	5	4	-16.45	5	295.75
1079	2024	-19	-6	1734	71392	5	5	-16.45	6	306.75
1080	2027	-19	-7	1852	71392	5	5	-16.45	7	319.75
1081	2134	-19	-8	1862	71354	5	15	-16.45	8	334.75
1082	2136	-19	-9	227	71354	5	15	-16.45	9	351.75
1083	2138	-19	-10	1922	71354	5	15	-16.45	10	370.75
1084	2126	-18	-10	1873	71472	5	13	-15.59	10.5	353.25
1085	2110	-17	-11	1239	71582	5	10	-14.72	11	337.75
1086	2107	-16	-11	1880	71459	5	9	-13.86	11.5	324.25
1087	2114	-15	-12	1843	71596	5	11	-12.99	12	312.75
1088	2115	-14	-12	329	71596	5	11	-12.12	12.5	303.25
1089	2207	-13	-13	1762	71399	5	17	-11.26	13	295.75
1090	2210	-12	-13	1283	71827	5	18	-10.39	13.5	290.25
1091	2212	-11	-14	1732	71827	5	18	-9.53	14	286.75
1092	2427	-10	-14	1689	71363	6	5	-8.66	14.5	285.25
1093	2412	-9	-15	978	70687	6	2	-7.79	15	285.75
1094	2400	-8	-15	1390	70957	6	0	-6.93	15.5	288.25
1095	2617	-7	-16	638	71305	6	19	-6.06	16	292.75
1096	2600	-6	-16	1061	70882	6	16	-5.2	16.5	299.25
1097	2602	-5	-17	1084	70882	6	16	-4.33	17	307.75
1098	2807	-4	-17	1898	71369	7	1	-3.46	17.5	318.25
1099	2910	-3	-18	284	71155	7	10	-2.6	18	330.75
1100	2912	-2	-18	625	71155	7	10	-1.73	18.5	345.25
1101	2915	-1	-19	1079	71228	7	11	-0.87	19	361.75
1102	2918	0	-19	28	71228	7	11	0	19.5	380.25
1103	2916	1	-19	1043	71228	7	11	0.87	19	361.75
1104	2906	2	-18	559	71.43	7	9	1.73	18.5	345.25
1105	2905	3	-18	375	71.43	7	9	2.6	18	330.75
1106	3218	4	-17	1867	71347	9	19	3.46	17.5	318.25
1107	3201	5	-17	318	70783	9	16	4.33	17	307.75
1108	3200	6	-16	783	70783	9	16	5.2	16.5	299.25
1109	3318	7	-16	558	71329	9	27	6.06	16	292.75
1110	3300	8	-15	820	71007	9	24	6.93	15.5	288.25
1111	3500	9	-15	950	70762	8	8	7.79	15	285.75
1112	3518	10	-14	410	71303	8	11	8.66	14.5	285.25
1113	3601	11	-14	376	71394	8	16	9.53	14	286.75
1114	3600	12	-13	1854	71394	8	16	10.39	13.5	290.25
1115	3618	13	-13	1982	71418	8	19	11.26	13	295.75
1116	3705	14	-12	786	70768	8	25	12.12	12.5	303.25
1117	3704	15	-12	1199	70768	8	25	12.99	12	312.75
1118	3718	16	-11	192	71261	8	27	13.86	11.5	324.25
1119	3700	17	-11	851	70624	8	24	14.72	11	337.75
1120	3726	18	-10	232	71414	8	29	15.59	10.5	353.25
1121	3908	19	-10	113	71.1	7	25	16.45	10	370.75
1122	3906	19	-9	1806	71.1	7	25	16.45	9	351.75
1123	3904	19	-8	1872	71.1	7	25	16.45	8	334.75
1124	3918	19	-7	1320	71.19	7	27	16.45	7	319.75
1125	3915	19	-6	1803	71.19	7	27	16.45	6	306.75
1126	3912	19	-5	604	71083	7	26	16.45	5	295.75
1127	3828	19	-4	1865	71101	7	21	16.45	4	286.75
1128	3825	19	-3	1741	71101	7	21	16.45	3	279.75
1129	3822	19	-2	555	71124	7	20	16.45	2	274.75
1130	3838	19	-1	253	70999	7	23	16.45	1	271.75
1131	3835	19	0	1826	70999	7	23	16.45	0	270.75
1132	3832	19	1	323	71077	7	22	16.45	-1	271.75
1133	38	19	2	1798	71343	0	7	16.45	-2	274.75
1134	35	19	3	1231	71343	0	7	16.45	-3	279.75
1135	32	19	4	60	71332	0	6	16.45	-4	286.75
1136	28	19	5	270	71409	0	5	16.45	-5	295.75
1137	25	19	6	531	71409	0	5	16.45	-6	306.75
1138	22	19	7	214	71371	0	4	16.45	-7	319.75
1139	132	19	8	1744	71307	0	14	16.45	-8	334.75
1140	130	19	9	1361	71307	0	14	16.45	-9	351.75
1141	122	19	10	1281	71.47	0	12	16.45	-10	370.75
1142	121	18	11	367	71.47	0	12	15.59	-10.5	353.25
1143	118	17	11	1294	71122	0	11	14.72	-11	337.75
1144	102	16	12	1920	71.36	0	8	13.86	-11.5	324.25
1145	100	15	12	1874	71.36	0	8	12.99	-12	312.75
1146	113	14	13	148	71.14	0	10	12.12	-12.5	303.25
1147	202	13	13	1780	71357	0	16	11.26	-13	295.75
1148	200	12	14	705	71357	0	16	10.39	-13.5	290.25
1149	418	11	14	163	70975	1	3	9.53	-14	286.75
1150	422	10	15	1298	71366	1	4	8.66	-14.5	285.25
1151	420	9	15	706	71366	1	4	7.79	-15	285.75
1152	408	8	16	1836	71542	1	1	6.93	-15.5	288.25
1153	612	7	16	1847	71382	1	18	6.06	-16	292.75
1154	610	6	17	119	71382	1	18	5.2	-16.5	299.25
1155	608	5	17	578	71276	1	17	4.33	-17	307.75
1156	802	4	18	50	71467	2	0	3.46	-17.5	318.25
1157	800	3	18	1933	71467	2	0	2.6	-18	330.75
1158	603	2	19	81	71.29	1	16	1.73	-18.5	345.25
1159	912	1	19	1831	71543	2	8	0.87	-19	361.75
1160	910	0	20	106	71543	2	8	0	-19.5	380.25
1161	911	-1	19	269	71543	2	8	-0.87	-19	361.75
1162	1203	-2	19	1666	71479	4	16	-1.73	-18.5	345.25
1163	1210	-3	18	506	71281	4	18	-2.6	-18	330.75
1164	1211	-4	18	562	71281	4	18	-3.46	-17.5	318.25
1165	1208	-5	17	112	71473	4	17	-4.33	-17	307.75
1166	1310	-6	17	1788	71359	4	26	-5.2	-16.5	299.25
1167	1311	-7	16	1722	71359	4	26	-6.06	-16	292.75
1168	1308	-8	16	716	71501	4	25	-6.93	-15.5	288.25
1169	1510	-9	15	560	71354	3	10	-7.79	-15	285.75
1170	1511	-10	15	1871	71354	3	10	-8.66	-14.5	285.25
1171	1508	-11	14	784	71024	3	9	-9.53	-14	286.75
1172	1610	-12	14	1782	71406	3	18	-10.39	-13.5	290.25
1173	1611	-13	13	1721	71406	3	18	-11.26	-13	295.75
1174	1703	-14	13	617	71206	3	24	-12.12	-12.5	303.25
1175	1710	-15	12	186	71412	3	26	-12.99	-12	312.75
1176	1711	-16	12	755	71412	3	26	-13.86	-11.5	324.25
1177	1708	-17	11	998	71251	3	25	-14.72	-11	337.75
1178	1721	-18	11	62	71507	3	28	-15.59	-10.5	353.25
1179	1722	-19	10	203	71507	3	28	-16.45	-10	370.75
1180	1723	-20	10	266	71507	3	28	-17.32	-9.5	390.25
1181	1901	-20	9	1264	71652	2	24	-17.32	-8.5	372.25
1182	1904	-20	8	33	71.51	2	25	-17.32	-7.5	356.25
1183	1907	-20	7	110	71.51	2	25	-17.32	-6.5	342.25
1184	1927	-20	6	1356	71103	2	29	-17.32	-5.5	330.25
1185	1924	-20	5	996	71103	2	29	-17.32	-4.5	320.25
1186	1921	-20	4	795	71.19	2	28	-17.32	-3.5	312.25
1187	1937	-20	3	1827	71509	2	31	-17.32	-2.5	306.25
1188	1934	-20	2	223	71509	2	31	-17.32	-1.5	302.25
1189	1931	-20	1	5	71464	2	30	-17.32	-0.5	300.25
1190	2017	-20	0	1701	71468	5	3	-17.32	0.5	300.25
1191	2014	-20	-1	1842	71468	5	3	-17.32	1.5	302.25
1192	2011	-20	-2	267	71488	5	2	-17.32	2.5	306.25
1193	2007	-20	-3	987	71149	5	1	-17.32	3.5	312.25
1194	2004	-20	-4	992	71149	5	1	-17.32	4.5	320.25
1195	2001	-20	-5	242	71.14	5	0	-17.32	5.5	330.25
1196	2130	-20	-6	12	71288	5	14	-17.32	6.5	342.25
1197	2132	-20	-7	1796	71288	5	14	-17.32	7.5	356.25
1198	2135	-20	-8	622	71354	5	15	-17.32	8.5	372.25
1199	2137	-20	-9	748	71354	5	15	-17.32	9.5	390.25
1200	2127	-19	-11	1930	71472	5	13	-16.45	11	391.75
1201	2128	-18	-11	567	71472	5	13	-15.59	11.5	375.25
1202	2111	-17	-12	1260	71582	5	10	-14.72	12	360.75
1203	2112	-16	-12	1236	71582	5	10	-13.86	12.5	348.25
1204	2116	-15	-13	1835	71596	5	11	-12.99	13	337.75
1205	2118	-14	-13	1677	71596	5	11	-12.12	13.5	329.25
1206	2211	-13	-14	1745	71827	5	18	-11.26	14	322.75
1207	2213	-12	-14	1846	71827	5	18	-10.39	14.5	318.25
1208	2410	-11	-15	1098	70687	6	2	-9.53	15	315.75
1209	2411	-10	-15	1327	70687	6	2	-8.66	15.5	315.25
1210	2401	-9	-16	1383	70957	6	0	-7.79	16	316.75
1211	2402	-8	-16	1626	70957	6	0	-6.93	16.5	320.25
1212	2601	-7	-17	459	70882	6	16	-6.06	17	325.75
1213	2603	-6	-17	1095	70882	6	16	-5.2	17.5	333.25
1214	2604	-5	-18	1099	70913	6	17	-4.33	18	342.75
1215	2606	-4	-18	1105	70913	6	17	-3.46	18.5	354.25
1216	2913	-3	-19	276	71155	7	10	-2.6	19	367.75
1217	2917	-2	-19	1034	71228	7	11	-1.73	19.5	383.25
1218	2908	2	-19	1233	71.43	7	9	1.73	19.5	383.25
1219	2907	3	-19	739	71.43	7	9	2.6	19	367.75
1220	3205	4	-18	509	70838	9	17	3.46	18.5	354.25
1221	3204	5	-18	1182	70838	9	17	4.33	18	342.75
1222	3203	6	-17	196	70783	9	16	5.2	17.5	333.25
1223	3202	7	-17	437	70783	9	16	6.06	17	325.75
1224	3302	8	-16	889	71007	9	24	6.93	16.5	320.25
1225	3301	9	-16	1625	71007	9	24	7.79	16	316.75
1226	3502	10	-15	161	70762	8	8	8.66	15.5	315.25
1227	3501	11	-15	1083	70762	8	8	9.53	15	315.75
1228	3603	12	-14	368	71394	8	16	10.39	14.5	318.25
1229	3602	13	-14	708	71394	8	16	11.26	14	322.75
1230	3707	14	-13	945	70768	8	25	12.12	13.5	329.25
1231	3706	15	-13	908	70768	8	25	12.99	13	337.75
1232	3702	16	-12	770	70624	8	24	13.86	12.5	348.25
1233	3701	17	-12	821	70624	8	24	14.72	12	360.75
1234	3728	18	-11	215	71414	8	29	15.59	11.5	375.25
1235	3727	19	-11	1817	71414	8	29	16.45	11	391.75
1236	3907	20	-9	378	71.1	7	25	17.32	9.5	390.25
1237	3905	20	-8	1766	71.1	7	25	17.32	8.5	372.25
1238	3902	20	-7	1822	71085	7	24	17.32	7.5	356.25
1239	3900	20	-6	701	71085	7	24	17.32	6.5	342.25
1240	3922	20	-5	811	70939	7	28	17.32	5.5	330.25
1241	3925	20	-4	147	70952	7	29	17.32	4.5	320.25
1242	3928	20	-3	1063	70952	7	29	17.32	3.5	312.25
1243	3932	20	-2	202	71244	7	30	17.32	2.5	306.25
1244	3935	20	-1	39	71.19	7	31	17.32	1.5	302.25
1245	3938	20	0	753	71.19	7	31	17.32	0.5	300.25
1246	12	20	1	73	71.49	0	2	17.32	-0.5	300.25
1247	15	20	2	524	71415	0	3	17.32	-1.5	302.25
1248	18	20	3	723	71415	0	3	17.32	-2.5	306.25
1249	2	20	4	428	71055	0	0	17.32	-3.5	312.25
1250	5	20	5	888	71044	0	1	17.32	-4.5	320.25
1251	8	20	6	867	71044	0	1	17.32	-5.5	330.25
1252	136	20	7	194	71333	0	15	17.32	-6.5	342.25
1253	134	20	8	535	71333	0	15	17.32	-7.5	356.25
1254	131	20	9	634	71307	0	14	17.32	-8.5	372.25
1255	123	20	10	1665	71.47	0	12	17.32	-9.5	390.25
1256	120	19	11	1757	71.47	0	12	16.45	-11	391.75
1257	117	18	12	939	71122	0	11	15.59	-11.5	375.25
1258	116	17	12	248	71122	0	11	14.72	-12	360.75
1259	115	16	13	290	71122	0	11	13.86	-12.5	348.25
1260	112	15	13	847	71.14	0	10	12.99	-13	337.75
1261	218	14	14	602	71.25	0	19	12.12	-13.5	329.25
1262	217	13	14	1137	71.25	0	19	11.26	-14	322.75
1263	213	12	15	1045	71201	0	18	10.39	-14.5	318.25
1264	417	11	15	442	70975	1	3	9.53	-15	315.75
1265	416	10	16	171	70975	1	3	8.66	-15.5	315.25
1266	407	9	16	1691	71542	1	1	7.79	-16	316.75
1267	406	8	17	1315	71542	1	1	6.93	-16.5	320.25
1268	404	7	17	1255	71542	1	1	6.06	-17	325.75
1269	607	6	18	139	71276	1	17	5.2	-17.5	333.25
1270	606	5	18	486	71276	1	17	4.33	-18	342.75
1271	605	4	19	1207	71276	1	17	3.46	-18.5	354.25
1272	602	3	19	272	71.29	1	16	2.6	-19	367.75
1273	600	2	20	275	71.29	1	16	1.73	-19.5	383.25
1274	1201	-2	20	732	71479	4	16	-1.73	-19.5	383.25
1275	1202	-3	19	536	71479	4	16	-2.6	-19	367.75
1276	1205	-4	19	1253	71473	4	17	-3.46	-18.5	354.25
1277	1206	-5	18	1833	71473	4	17	-4.33	-18	342.75
1278	1207	-6	18	1850	71473	4	17	-5.2	-17.5	333.25
1279	1305	-7	17	268	71501	4	25	-6.06	-17	325.75
1280	1306	-8	17	1885	71501	4	25	-6.93	-16.5	320.25
1281	1307	-9	16	263	71501	4	25	-7.79	-16	316.75
1282	1506	-10	16	348	71024	3	9	-8.66	-15.5	315.25
1283	1507	-11	15	1395	71024	3	9	-9.53	-15	315.75
1284	1603	-12	15	1047	71249	3	16	-10.39	-14.5	318.25
1285	1607	-13	14	1141	71201	3	17	-11.26	-14	322.75
1286	1608	-14	14	741	71201	3	17	-12.12	-13.5	329.25
1287	1702	-15	13	1366	71206	3	24	-12.99	-13	337.75
1288	1705	-16	13	285	71251	3	25	-13.86	-12.5	348.25
1289	1706	-17	12	1117	71251	3	25	-14.72	-12	360.75
1290	1707	-18	12	931	71251	3	25	-15.59	-11.5	375.25
1291	1720	-19	11	1888	71507	3	28	-16.45	-11	391.75
1292	1902	-21	8	1853	71652	2	24	-18.19	-8	394.75
1293	1905	-21	7	49	71.51	2	25	-18.19	-7	379.75
1294	1908	-21	6	1859	71.51	2	25	-18.19	-6	366.75
1295	1926	-21	5	1273	71103	2	29	-18.19	-5	355.75
1296	1923	-21	4	966	71.19	2	28	-18.19	-4	346.75
1297	1920	-21	3	1251	71.19	2	28	-18.19	-3	339.75
1298	1936	-21	2	1310	71509	2	31	-18.19	-2	334.75
1299	1933	-21	1	103	71464	2	30	-18.19	-1	331.75
1300	1930	-21	0	1809	71464	2	30	-18.19	0	330.75
1301	2016	-21	-1	204	71468	5	3	-18.19	1	331.75
1302	2013	-21	-2	715	71488	5	2	-18.19	2	334.75
1303	2010	-21	-3	65	71488	5	2	-18.19	3	339.75
1304	2006	-21	-4	319	71149	5	1	-18.19	4	346.75
1305	2003	-21	-5	973	71.14	5	0	-18.19	5	355.75
1306	2000	-21	-6	114	71.14	5	0	-18.19	6	366.75
1307	2131	-21	-7	451	71288	5	14	-18.19	7	379.75
1308	2133	-21	-8	1058	71288	5	14	-18.19	8	394.75
1309	2113	-17	-13	1316	71582	5	10	-14.72	13	385.75
1310	2117	-16	-13	1254	71596	5	11	-13.86	13.5	374.25
1311	2214	-15	-14	1266	71576	5	19	-12.99	14	364.75
1312	2215	-14	-14	1660	71576	5	19	-12.12	14.5	357.25
1313	2217	-13	-15	1252	71576	5	19	-11.26	15	351.75
1314	2417	-12	-15	1062	70.75	6	3	-10.39	15.5	348.25
1315	2414	-11	-16	313	70.75	6	3	-9.53	16	346.75
1316	2413	-10	-16	928	70687	6	2	-8.66	16.5	347.25
1317	2403	-9	-17	495	70957	6	0	-7.79	17	349.75
1318	2405	-8	-17	818	71075	6	1	-6.93	17.5	354.25
1319	2407	-7	-18	1386	71075	6	1	-6.06	18	360.75
1320	2605	-6	-18	894	70913	6	17	-5.2	18.5	369.25
1321	2607	-5	-19	152	70913	6	17	-4.33	19	379.75
1322	2608	-4	-19	482	70913	6	17	-3.46	19.5	392.25
1323	3208	4	-19	1389	70838	9	17	3.46	19.5	392.25
1324	3207	5	-19	1191	70838	9	17	4.33	19	379.75
1325	3206	6	-18	882	70838	9	17	5.2	18.5	369.25
1326	3306	7	-18	418	70993	9	25	6.06	18	360.75
1327	3304	8	-17	836	70993	9	25	6.93	17.5	354.25
1328	3303	9	-17	332	71007	9	24	7.79	17	349.75
1329	3503	10	-16	895	70762	8	8	8.66	16.5	347.25
1330	3505	11	-16	1173	70768	8	9	9.53	16	346.75
1331	3504	12	-15	1094	70768	8	9	10.39	15.5	348.25
1332	3606	13	-15	1755	71618	8	17	11.26	15	351.75
1333	3605	14	-14	1746	71618	8	17	12.12	14.5	357.25
1334	3604	15	-14	1308	71618	8	17	12.99	14	364.75
1335	3708	16	-13	970	70768	8	25	13.86	13.5	374.25
1336	3703	17	-13	897	70624	8	24	14.72	13	385.75
1337	3903	21	-8	212	71085	7	24	18.19	8	394.75
1338	3901	21	-7	452	71085	7	24	18.19	7	379.75
1339	3920	21	-6	1004	70939	7	28	18.19	6	366.75
1340	3923	21	-5	317	70939	7	28	18.19	5	355.75
1341	3926	21	-4	1210	70952	7	29	18.19	4	346.75
1342	3930	21	-3	724	71244	7	30	18.19	3	339.75
1343	3933	21	-2	322	71244	7	30	18.19	2	334.75
1344	3936	21	-1	1849	71.19	7	31	18.19	1	331.75
1345	10	21	0	1819	71.49	0	2	18.19	0	330.75
1346	13	21	1	1935	71.49	0	2	18.19	-1	331.75
1347	16	21	2	23	71415	0	3	18.19	-2	334.75
1348	0	21	3	414	71055	0	0	18.19	-3	339.75
1349	3	21	4	417	71055	0	0	18.19	-4	346.75
1350	6	21	5	326	71044	0	1	18.19	-5	355.75
1351	138	21	6	184	71333	0	15	18.19	-6	366.75
1352	135	21	7	86	71333	0	15	18.19	-7	379.75
1353	133	21	8	1301	71307	0	14	18.19	-8	394.75
1354	114	17	13	292	71122	0	11	14.72	-13	385.75
1355	111	16	14	209	71.14	0	10	13.86	-13.5	374.25
1356	110	15	14	125	71.14	0	10	12.99	-14	364.75
1357	216	14	15	1118	71.25	0	19	12.12	-14.5	357.25
1358	212	13	15	252	71201	0	18	11.26	-15	351.75
1359	211	12	16	1306	71201	0	18	10.39	-15.5	348.25
1360	415	11	16	2293	70975	1	3	9.53	-16	346.75
1361	413	10	17	926	71077	1	2	8.66	-16.5	347.25
1362	405	9	17	1307	71542	1	1	7.79	-17	349.75
1363	403	8	18	1750	71501	1	0	6.93	-17.5	354.25
1364	402	7	18	255	71501	1	0	6.06	-18	360.75
1365	400	6	19	1241	71501	1	0	5.2	-18.5	369.25
1366	604	5	19	6	71276	1	17	4.33	-19	379.75
1367	601	4	20	371	71.29	1	16	3.46	-19.5	392.25
1368	1200	-4	20	254	71479	4	16	-3.46	-19.5	392.25
1369	1204	-5	19	1372	71473	4	17	-4.33	-19	379.75
1370	1301	-6	19	36	71494	4	24	-5.2	-18.5	369.25
1371	1302	-7	18	55	71494	4	24	-6.06	-18	360.75
1372	1303	-8	18	57	71494	4	24	-6.93	-17.5	354.25
1373	1304	-9	17	256	71501	4	25	-7.79	-17	349.75
1374	1503	-10	17	805	70982	3	8	-8.66	-16.5	347.25
1375	1505	-11	16	1387	71024	3	9	-9.53	-16	346.75
1376	1601	-12	16	277	71249	3	16	-10.39	-15.5	348.25
1377	1602	-13	15	294	71249	3	16	-11.26	-15	351.75
1378	1606	-14	15	4	71201	3	17	-12.12	-14.5	357.25
1379	1700	-15	14	1123	71206	3	24	-12.99	-14	364.75
1380	1701	-16	14	990	71206	3	24	-13.86	-13.5	374.25
1381	1704	-17	13	282	71251	3	25	-14.72	-13	385.75
1382	1928	-22	6	1952	71103	2	29	-19.05	-5.5	393.25
1383	1925	-22	5	1044	71103	2	29	-19.05	-4.5	383.25
1384	1922	-22	4	826	71.19	2	28	-19.05	-3.5	375.25
1385	1938	-22	3	48	71509	2	31	-19.05	-2.5	369.25
1386	1935	-22	2	224	71509	2	31	-19.05	-1.5	365.25
1387	1932	-22	1	90	71464	2	30	-19.05	-0.5	363.25
1388	2018	-22	0	107	71468	5	3	-19.05	0.5	363.25
1389	2015	-22	-1	1921	71468	5	3	-19.05	1.5	365.25
1390	2012	-22	-2	201	71488	5	2	-19.05	2.5	369.25
1391	2008	-22	-3	1112	71149	5	1	-19.05	3.5	375.25
1392	2005	-22	-4	250	71149	5	1	-19.05	4.5	383.25
1393	2002	-22	-5	586	71.14	5	0	-19.05	5.5	393.25
1394	2216	-15	-15	1659	71576	5	19	-12.99	15	393.75
1395	2218	-14	-15	1675	71576	5	19	-12.12	15.5	387.25
1396	2415	-13	-16	903	70.75	6	3	-11.26	16	382.75
1397	2416	-12	-16	1109	70.75	6	3	-10.39	16.5	380.25
1398	2418	-11	-17	512	70.75	6	3	-9.53	17	379.75
1399	2404	-10	-17	813	71075	6	1	-8.66	17.5	381.25
1400	2406	-9	-18	1128	71075	6	1	-7.79	18	384.75
1401	2408	-8	-18	823	71075	6	1	-6.93	18.5	390.25
1402	3308	8	-18	302	70993	9	25	6.93	18.5	390.25
1403	3307	9	-18	412	70993	9	25	7.79	18	384.75
1404	3305	10	-17	880	70993	9	25	8.66	17.5	381.25
1405	3508	11	-17	891	70768	8	9	9.53	17	379.75
1406	3507	12	-16	472	70768	8	9	10.39	16.5	380.25
1407	3506	13	-16	205	70768	8	9	11.26	16	382.75
1408	3608	14	-15	1838	71618	8	17	12.12	15.5	387.25
1409	3607	15	-15	1763	71618	8	17	12.99	15	393.75
1410	3921	22	-5	959	70939	7	28	19.05	5.5	393.25
1411	3924	22	-4	962	70952	7	29	19.05	4.5	383.25
1412	3927	22	-3	243	70952	7	29	19.05	3.5	375.25
1413	3931	22	-2	1844	71244	7	30	19.05	2.5	369.25
1414	3934	22	-1	399	71.19	7	31	19.05	1.5	365.25
1415	3937	22	0	1749	71.19	7	31	19.05	0.5	363.25
1416	11	22	1	1989	71.49	0	2	19.05	-0.5	363.25
1417	14	22	2	236	71415	0	3	19.05	-1.5	365.25
1418	17	22	3	707	71415	0	3	19.05	-2.5	369.25
1419	1	22	4	415	71055	0	0	19.05	-3.5	375.25
1420	4	22	5	1682	71044	0	1	19.05	-4.5	383.25
1421	7	22	6	639	71044	0	1	19.05	-5.5	393.25
1422	215	15	15	989	71.25	0	19	12.99	-15	393.75
1423	214	14	16	1221	71.25	0	19	12.12	-15.5	387.25
1424	210	13	16	993	71201	0	18	11.26	-16	382.75
1425	414	12	17	427	70975	1	3	10.39	-16.5	380.25
1426	412	11	17	311	71077	1	2	9.53	-17	379.75
1427	411	10	18	2290	71077	1	2	8.66	-17.5	381.25
1428	410	9	18	175	71077	1	2	7.79	-18	384.75
1429	401	8	19	40	71501	1	0	6.93	-18.5	390.25
1430	1300	-8	19	1760	71494	4	24	-6.93	-18.5	390.25
1431	1500	-9	18	792	70982	3	8	-7.79	-18	384.75
1432	1501	-10	18	207	70982	3	8	-8.66	-17.5	381.25
1433	1502	-11	17	347	70982	3	8	-9.53	-17	379.75
1434	1504	-12	17	1172	71024	3	9	-10.39	-16.5	380.25
1435	1600	-13	16	283	71249	3	16	-11.26	-16	382.75
1436	1604	-14	16	1111	71201	3	17	-12.12	-15.5	387.25
1437	1605	-15	15	122	71201	3	17	-12.99	-15	393.75
1438	137	22	7	1985	71333	0	15	19.05	-6.5	405.25
1439	1906	-22	7	235	71.51	2	25	-19.05	-6.5	405.25
